225
241
3375
3390
3391
3616
50625
50640
50641
50850
50866
54241
759375
759390
759391
759600
759616
762750
762991
813616
11390625
11390640
11390641
11390850
11390866
11394000
11394241
11441250
11444866
12204241
170859375
170859390
170859391
170859600
170859616
170862750
170862991
170910000
170913616
171618750
171672991
183063616
2562890625
2562890640
2562890641
2562890850
2562890866
2562894000
2562894241
2562941250
2562944866
2563650000
2563704241
2574281250
2575094866
2745954241
38443359375
38443359390
38443359391
38443359600
38443359616
38443362750
38443362991
38443410000
38443413616
38444118750
38444172991
38454750000
38455563616
38614218750
38626422991
41189313616
576650390625
576650390640
576650390641
576650390850
576650390866
576650394000
576650394241
576650441250
576650444866
576651150000
576651204241
576661781250
576662594866
576821250000
576833454241
579213281250
579396344866
617839704241
8649755859375
8649755859390
8649755859391
8649755859600
8649755859616
8649755862750
8649755862991
8649755910000
8649755913616
8649756618750
8649756672991
8649767250000
8649768063616
8649926718750
8649938922991
8652318750000
8652501813616
8688199218750
8690945172991
9267595563616
129746337890625
129746337890640
129746337890641
129746337890850
129746337890866
129746337894000
129746337894241
129746337941250
129746337944866
129746338650000
129746338704241
129746349281250
129746350094866
129746508750000
129746520954241
129748900781250
129749083844866
129784781250000
129787527204241
130322988281250
130364177594866
139013933454241
1946195068359375
1946195068359390
1946195068359391
1946195068359600
1946195068359616
1946195068362750
1946195068362991
1946195068410000
1946195068413616
1946195069118750
1946195069172991
1946195079750000
1946195080563616
1946195239218750
1946195251422991
1946197631250000
1946197814313616
1946233511718750
1946236257672991
1946771718750000
1946812908063616
1954844824218750
1955462663922991
2085209001813616
29192926025390625
29192926025390640
29192926025390641
29192926025390850
29192926025390866
29192926025394000
29192926025394241
29192926025441250
29192926025444866
29192926026150000
29192926026204241
29192926036781250
29192926037594866
29192926196250000
29192926208454241
29192928588281250
29192928771344866
29192964468750000
29192967214704241
29193502675781250
29193543865094866
29201575781250000
29202193620954241
29322672363281250
29331939958844866
31278135027204241
437893890380859375
437893890380859390
437893890380859391
437893890380859600
437893890380859616
437893890380862750
437893890380862991
437893890380910000
437893890380913616
437893890381618750
437893890381672991
437893890392250000
437893890393063616
437893890551718750
437893890563922991
437893892943750000
437893893126813616
437893928824218750
437893931570172991
437894467031250000
437894508220563616
437902540136718750
437903157976422991
438023636718750000
438032904314313616
439840085449218750
439979099382672991
469172025408063616
6568408355712890625
6568408355712890640
6568408355712890641
6568408355712890850
6568408355712890866
6568408355712894000
6568408355712894241
6568408355712941250
6568408355712944866
6568408355713650000
6568408355713704241
6568408355724281250
6568408355725094866
6568408355883750000
6568408355895954241
6568408358275781250
6568408358458844866
6568408394156250000
6568408396902204241
6568408932363281250
6568408973552594866
6568417005468750000
6568417623308454241
6568538102050781250
6568547369646344866
6570354550781250000
6570493564714704241
6597601281738281250
6599686490740094866
7037580381120954241
98526125335693359375
98526125335693359390
98526125335693359391
98526125335693359600
98526125335693359616
98526125335693362750
98526125335693362991
98526125335693410000
98526125335693413616
98526125335694118750
98526125335694172991
98526125335704750000
98526125335705563616
98526125335864218750
98526125335876422991
98526125338256250000
98526125338439313616
98526125374136718750
98526125376882672991
98526125912343750000
98526125953533063616
98526133985449218750
98526134603288922991
98526255082031250000
98526264349626813616
98528071530761718750
98528210544695172991
98555318261718750000
98557403470720563616
98964019226074218750
98995297361101422991
105563705716814313616
1477891880035400390625
1477891880035400390640
1477891880035400390641
1477891880035400390850
1477891880035400390866
1477891880035400394000
1477891880035400394241
1477891880035400441250
1477891880035400444866
1477891880035401150000
1477891880035401204241
1477891880035411781250
1477891880035412594866
1477891880035571250000
1477891880035583454241
1477891880037963281250
1477891880038146344866
1477891880073843750000
1477891880076589704241
1477891880612050781250
1477891880653240094866
1477891888685156250000
1477891889302995954241
1477892009781738281250
1477892019049333844866
1477893826230468750000
1477893965244402204241
1477921072961425781250
1477923158170427594866
1478329773925781250000
1478361052060808454241
1484460288391113281250
1484929460416521344866
1583455585752214704241
22168378200531005859375
22168378200531005859390
22168378200531005859391
22168378200531005859600
22168378200531005859616
22168378200531005862750
22168378200531005862991
22168378200531005910000
22168378200531005913616
22168378200531006618750
22168378200531006672991
22168378200531017250000
22168378200531018063616
22168378200531176718750
22168378200531188922991
22168378200533568750000
22168378200533751813616
22168378200569449218750
22168378200572195172991
22168378201107656250000
22168378201148845563616
22168378209180761718750
22168378209798601422991
22168378330277343750000
22168378339544939313616
22168380146726074218750
22168380285740007672991
22168407393457031250000
22168409478666033063616
22168816094421386718750
22168847372556413922991
22174946608886718750000
22175415780912126813616
22266904325866699218750
22273941906247820172991
23751833786283220563616
332525673007965087890625
332525673007965087890640
332525673007965087890641
332525673007965087890850
332525673007965087890866
332525673007965087894000
332525673007965087894241
332525673007965087941250
332525673007965087944866
332525673007965088650000
332525673007965088704241
332525673007965099281250
332525673007965100094866
332525673007965258750000
332525673007965270954241
332525673007967650781250
332525673007967833844866
332525673008003531250000
332525673008006277204241
332525673008541738281250
332525673008582927594866
332525673016614843750000
332525673017232683454241
332525673137711425781250
332525673146979021344866
332525674954160156250000
332525675093174089704241
332525702200891113281250
332525704286100115094866
332526110901855468750000
332526142179990495954241
332532241416320800781250
332532710588346208844866
332624199133300781250000
332631236713681902204241
334003564888000488281250
334109128593717302594866
356277506794248308454241
4987885095119476318359375
4987885095119476318359390
4987885095119476318359391
4987885095119476318359600
4987885095119476318359616
4987885095119476318362750
4987885095119476318362991
4987885095119476318410000
4987885095119476318413616
4987885095119476319118750
4987885095119476319172991
4987885095119476329750000
4987885095119476330563616
4987885095119476489218750
4987885095119476501422991
4987885095119478881250000
4987885095119479064313616
4987885095119514761718750
4987885095119517507672991
4987885095120052968750000
4987885095120094158063616
4987885095128126074218750
4987885095128743913922991
4987885095249222656250000
4987885095258490251813616
4987885097065671386718750
4987885097204685320172991
4987885124312402343750000
4987885126397611345563616
4987885533013366699218750
4987885564291501726422991
4987891663527832031250000
4987892132699857439313616
4987983621244812011718750
4987990658825193132672991
4989362986999511718750000
4989468550705228533063616
5010053473320007324218750
5011636928905759538922991
5344162601913724626813616
74818276426792144775390625
74818276426792144775390640
74818276426792144775390641
74818276426792144775390850
74818276426792144775390866
74818276426792144775394000
74818276426792144775394241
74818276426792144775441250
74818276426792144775444866
74818276426792144776150000
74818276426792144776204241
74818276426792144786781250
74818276426792144787594866
74818276426792144946250000
74818276426792144958454241
74818276426792147338281250
74818276426792147521344866
74818276426792183218750000
74818276426792185964704241
74818276426792721425781250
74818276426792762615094866
74818276426800794531250000
74818276426801412370954241
74818276426921891113281250
74818276426931158708844866
74818276428738339843750000
74818276428877353777204241
74818276455985070800781250
74818276458070279802594866
74818276864686035156250000
74818276895964170183454241
74818282995200500488281250
74818283464372525896344866
74818374952917480468750000
74818381990497861589704241
74819754318672180175781250
74819859882377896990094866
74840444804992675781250000
74842028260578427995954241
75150802099800109863281250
75174553933586393083844866
80162439028705869402204241
1122274146401882171630859375
1122274146401882171630859390
1122274146401882171630859391
1122274146401882171630859600
1122274146401882171630859616
1122274146401882171630862750
1122274146401882171630862991
1122274146401882171630910000
1122274146401882171630913616
1122274146401882171631618750
1122274146401882171631672991
1122274146401882171642250000
1122274146401882171643063616
1122274146401882171801718750
1122274146401882171813922991
1122274146401882174193750000
1122274146401882174376813616
1122274146401882210074218750
1122274146401882212820172991
1122274146401882748281250000
1122274146401882789470563616
1122274146401890821386718750
1122274146401891439226422991
1122274146402011917968750000
1122274146402021185564313616
1122274146403828366699218750
1122274146403967380632672991
1122274146431075097656250000
1122274146433160306658063616
1122274146839776062011718750
1122274146871054197038922991
1122274152970290527343750000
1122274153439462552751813616
1122274244928007507324218750
1122274251965587888445172991
1122275624293762207031250000
1122275729857467923845563616
1122296314780082702636718750
1122297898235668454851422991
1122606672074890136718750000
1122630423908676419939313616
1127262031497001647949218750
1127618309003795896257672991
1202436585430588041033063616
16834112196028232574462890625
16834112196028232574462890640
16834112196028232574462890641
16834112196028232574462890850
16834112196028232574462890866
16834112196028232574462894000
16834112196028232574462894241
16834112196028232574462941250
16834112196028232574462944866
16834112196028232574463650000
16834112196028232574463704241
16834112196028232574474281250
16834112196028232574475094866
16834112196028232574633750000
16834112196028232574645954241
16834112196028232577025781250
16834112196028232577208844866
16834112196028232612906250000
16834112196028232615652204241
16834112196028233151113281250
16834112196028233192302594866
16834112196028241224218750000
16834112196028241842058454241
16834112196028362320800781250
16834112196028371588396344866
16834112196030178769531250000
16834112196030317783464704241
16834112196057425500488281250
16834112196059510709490094866
16834112196466126464843750000
16834112196497404599870954241
16834112202596640930175781250
16834112203065812955583844866
16834112294554357910156250000
16834112301591938291277204241
16834113673920112609863281250
16834113779483818326677594866
16834134364406433105468750000
16834135947862018857683454241
16834444721701240539550781250
16834468473535026822771344866
16839100081123352050781250000
16839456358630146299089704241
16908930472455024719238281250
16914274635056938443865094866
18036548781458820615495954241
252511682940423488616943359375
252511682940423488616943359390
252511682940423488616943359391
252511682940423488616943359600
252511682940423488616943359616
252511682940423488616943362750
252511682940423488616943362991
252511682940423488616943410000
252511682940423488616943413616
252511682940423488616944118750
252511682940423488616944172991
252511682940423488616954750000
252511682940423488616955563616
252511682940423488617114218750
252511682940423488617126422991
252511682940423488619506250000
252511682940423488619689313616
252511682940423488655386718750
252511682940423488658132672991
252511682940423489193593750000
252511682940423489234783063616
252511682940423497266699218750
252511682940423497884538922991
252511682940423618363281250000
252511682940423627630876813616
252511682940425434812011718750
252511682940425573825945172991
252511682940452681542968750000
252511682940454766751970563616
252511682940861382507324218750
252511682940892660642351422991
252511682946991896972656250000
252511682947461068998064313616
252511683038949613952636718750
252511683045987194333757672991
252511684418315368652343750000
252511684523879074369158063616
252511705108801689147949218750
252511706692257274900163922991
252512015466096496582031250000
252512039217930282865251813616
252516670825518608093261718750
252517027103025402341570172991
252586501216850280761718750000
252591845379452194486345563616
253633957086825370788574218750
253714119525854076657976422991
270548231721882309232439313616
3787675244106352329254150390625
3787675244106352329254150390640
3787675244106352329254150390641
3787675244106352329254150390850
3787675244106352329254150390866
3787675244106352329254150394000
3787675244106352329254150394241
3787675244106352329254150441250
3787675244106352329254150444866
3787675244106352329254151150000
3787675244106352329254151204241
3787675244106352329254161781250
3787675244106352329254162594866
3787675244106352329254321250000
3787675244106352329254333454241
3787675244106352329256713281250
3787675244106352329256896344866
3787675244106352329292593750000
3787675244106352329295339704241
3787675244106352329830800781250
3787675244106352329871990094866
3787675244106352337903906250000
3787675244106352338521745954241
3787675244106352459000488281250
3787675244106352468268083844866
3787675244106354275449218750000
3787675244106354414463152204241
3787675244106381522180175781250
3787675244106383607389177594866
3787675244106790223144531250000
3787675244106821501279558454241
3787675244112920737609863281250
3787675244113389909635271344866
3787675244204878454589843750000
3787675244211916034970964704241
3787675245584244209289550781250
3787675245689807915006365094866
3787675266274730529785156250000
3787675267858186115537370954241
3787675576632025337219238281250
3787675600383859123502458844866
3787680231991447448730468750000
3787680588268954242978777204241
3787750062382779121398925781250
3787755406545381035123552594866
3788797518252754211425781250000
3788877680691782917295183454241
3804509356302380561828613281250
3805711792887811149869646344866
4058223475828234638486589704241
56815128661595284938812255859375
56815128661595284938812255859390
56815128661595284938812255859391
56815128661595284938812255859600
56815128661595284938812255859616
56815128661595284938812255862750
56815128661595284938812255862991
56815128661595284938812255910000
56815128661595284938812255913616
56815128661595284938812256618750
56815128661595284938812256672991
56815128661595284938812267250000
56815128661595284938812268063616
56815128661595284938812426718750
56815128661595284938812438922991
56815128661595284938814818750000
56815128661595284938815001813616
56815128661595284938850699218750
56815128661595284938853445172991
56815128661595284939388906250000
56815128661595284939430095563616
56815128661595284947462011718750
56815128661595284948079851422991
56815128661595285068558593750000
56815128661595285077826189313616
56815128661595286885007324218750
56815128661595287024021257672991
56815128661595314131738281250000
56815128661595316216947283063616
56815128661595722832702636718750
56815128661595754110837663922991
56815128661601853347167968750000
56815128661602322519193376813616
56815128661693811064147949218750
56815128661700848644529070172991
56815128663073176818847656250000
56815128663178740524564470563616
56815128683763663139343261718750
56815128685347118725095476422991
56815128994120957946777343750000
56815129017872791733060564313616
56815133649480380058288574218750
56815134005757886852536882672991
56815203479871711730957031250000
56815208824034313644681658063616
56816250935741686820983886718750
56816331098180715526853288922991
56831962773791313171386718750000
56833165210376743759427751813616
57067640344535708427429199218750
57085676893317167248044695172991
60873352137423519577298845563616
852226929923929274082183837890625
852226929923929274082183837890640
852226929923929274082183837890641
852226929923929274082183837890850
852226929923929274082183837890866
852226929923929274082183837894000
852226929923929274082183837894241
852226929923929274082183837941250
852226929923929274082183837944866
852226929923929274082183838650000
852226929923929274082183838704241
852226929923929274082183849281250
852226929923929274082183850094866
852226929923929274082184008750000
852226929923929274082184020954241
852226929923929274082186400781250
852226929923929274082186583844866
852226929923929274082222281250000
852226929923929274082225027204241
852226929923929274082760488281250
852226929923929274082801677594866
852226929923929274090833593750000
852226929923929274091451433454241
852226929923929274211930175781250
852226929923929274221197771344866
852226929923929276028378906250000
852226929923929276167392839704241
852226929923929303275109863281250
852226929923929305360318865094866
852226929923929711976074218750000
852226929923929743254209245954241
852226929923935842490539550781250
852226929923936311662564958844866
852226929924027800207519531250000
852226929924034837787900652204241
852226929925407165962219238281250
852226929925512729667936052594866
852226929946097652282714843750000
852226929947681107868467058454241
852226930256454947090148925781250
852226930280206780876432146344866
852226934911814369201660156250000
852226935268091875995908464704241
852227004742205700874328613281250
852227010086368302788053240094866
852228052198075675964355468750000
852228132360514704670224870954241
852243764036125302314758300781250
852244966472710732902799333844866
852479441606869697570800781250000
852497478155651156391416277204241
856014605168035626411437988281250
856285153399757508720670427594866
913100282061352793659482683454241
12783403948858939111232757568359375
12783403948858939111232757568359390
12783403948858939111232757568359391
12783403948858939111232757568359600
12783403948858939111232757568359616
12783403948858939111232757568362750
12783403948858939111232757568362991
12783403948858939111232757568410000
12783403948858939111232757568413616
12783403948858939111232757569118750
12783403948858939111232757569172991
12783403948858939111232757579750000
12783403948858939111232757580563616
12783403948858939111232757739218750
12783403948858939111232757751422991
12783403948858939111232760131250000
12783403948858939111232760314313616
12783403948858939111232796011718750
12783403948858939111232798757672991
12783403948858939111233334218750000
12783403948858939111233375408063616
12783403948858939111241407324218750
12783403948858939111242025163922991
12783403948858939111362503906250000
12783403948858939111371771501813616
12783403948858939113178952636718750
12783403948858939113317966570172991
12783403948858939140425683593750000
12783403948858939142510892595563616
12783403948858939549126647949218750
12783403948858939580404782976422991
12783403948858945679641113281250000
12783403948858946148813138689313616
12783403948859037637358093261718750
12783403948859044674938474382672991
12783403948860417003112792968750000
12783403948860522566818509783063616
12783403948881107489433288574218750
12783403948882690945019040788922991
12783403949191464784240722656250000
12783403949215216618027005876813616
12783403953846824206352233886718750
12783403954203101713146482195172991
12783404023677215538024902343750000
12783404029021378139938626970563616
12783405071133085513114929199218750
12783405151295524541820798601422991
12783420782971135139465332031250000
12783421985407720570053373064313616
12783656460541879534721374511718750
12783674497090660993541990007672991
12787191624103045463562011718750000
12787462172334767345871244158063616
12840219077520534396171569824218750
12844277300996362630810056413922991
13696504230920291904892240251813616
191751059232884086668491363525390625
191751059232884086668491363525390640
191751059232884086668491363525390641
191751059232884086668491363525390850
191751059232884086668491363525390866
191751059232884086668491363525394000
191751059232884086668491363525394241
191751059232884086668491363525441250
191751059232884086668491363525444866
191751059232884086668491363526150000
191751059232884086668491363526204241
191751059232884086668491363536781250
191751059232884086668491363537594866
191751059232884086668491363696250000
191751059232884086668491363708454241
191751059232884086668491366088281250
191751059232884086668491366271344866
191751059232884086668491401968750000
191751059232884086668491404714704241
191751059232884086668491940175781250
191751059232884086668491981365094866
191751059232884086668500013281250000
191751059232884086668500631120954241
191751059232884086668621109863281250
191751059232884086668630377458844866
191751059232884086670437558593750000
191751059232884086670576572527204241
191751059232884086697684289550781250
191751059232884086699769498552594866
191751059232884087106385253906250000
191751059232884087137663388933454241
191751059232884093236899719238281250
191751059232884093706071744646344866
191751059232884185194616699218750000
191751059232884192232197080339704241
191751059232885564560371398925781250
191751059232885670124077115740094866
191751059232906255046691894531250000
191751059232907838502277646745954241
191751059233216612341499328613281250
191751059233240364175285611833844866
191751059237871971763610839843750000
191751059238228249270405088152204241
191751059307702363095283508300781250
191751059313046525697197232927594866
191751060355158233070373535156250000
191751060435320672099079404558454241
191751076066996282696723937988281250
191751077269432868127311979021344866
191751311744567027091979980468750000
191751329781115808550800595964704241
191754846908128193020820617675781250
191755117456359914903129850115094866
191807874361545681953430175781250000
191811932585021510188068662370954241
192603286162808015942573547363281250
192664159514945439462150846208844866
205447563463804378573383603777204241
2876265888493261300027370452880859375
2876265888493261300027370452880859390
2876265888493261300027370452880859391
2876265888493261300027370452880859600
2876265888493261300027370452880859616
2876265888493261300027370452880862750
2876265888493261300027370452880862991
2876265888493261300027370452880910000
2876265888493261300027370452880913616
2876265888493261300027370452881618750
2876265888493261300027370452881672991
2876265888493261300027370452892250000
2876265888493261300027370452893063616
2876265888493261300027370453051718750
2876265888493261300027370453063922991
2876265888493261300027370455443750000
2876265888493261300027370455626813616
2876265888493261300027370491324218750
2876265888493261300027370494070172991
2876265888493261300027371029531250000
2876265888493261300027371070720563616
2876265888493261300027379102636718750
2876265888493261300027379720476422991
2876265888493261300027500199218750000
2876265888493261300027509466814313616
2876265888493261300029316647949218750
2876265888493261300029455661882672991
2876265888493261300056563378906250000
2876265888493261300058648587908063616
2876265888493261300465264343261718750
2876265888493261300496542478288922991
2876265888493261306595778808593750000
2876265888493261307064950834001813616
2876265888493261398553495788574218750
2876265888493261405591076169695172991
2876265888493262777919250488281250000
2876265888493262883482956205095563616
2876265888493283468405570983886718750
2876265888493285051861156736101422991
2876265888493593825700378417968750000
2876265888493617577534164701189313616
2876265888498249185122489929199218750
2876265888498605462629284177507672991
2876265888568079576454162597656250000
2876265888573423739056076322283063616
2876265889615535446429252624511718750
2876265889695697885457958493913922991
2876265905327373496055603027343750000
2876265906529810081486191068376813616
2876266141004944240450859069824218750
2876266159041493021909679685320172991
2876269676168505406379699707031250000
2876269946716737128262008939470563616
2876322703621922895312309265136718750
2876326761845398723546947751726422991
2877118115423185229301452636718750000
2877178988775322652821029935564313616
2889049292442120239138603210449218750
2889962392724181591932262693132672991
3081713451957065678600754056658063616
43143988327398919500410556793212890625
43143988327398919500410556793212890640
43143988327398919500410556793212890641
43143988327398919500410556793212890850
43143988327398919500410556793212890866
43143988327398919500410556793212894000
43143988327398919500410556793212894241
43143988327398919500410556793212941250
43143988327398919500410556793212944866
43143988327398919500410556793213650000
43143988327398919500410556793213704241
43143988327398919500410556793224281250
43143988327398919500410556793225094866
43143988327398919500410556793383750000
43143988327398919500410556793395954241
43143988327398919500410556795775781250
43143988327398919500410556795958844866
43143988327398919500410556831656250000
43143988327398919500410556834402204241
43143988327398919500410557369863281250
43143988327398919500410557411052594866
43143988327398919500410565442968750000
43143988327398919500410566060808454241
43143988327398919500410686539550781250
43143988327398919500410695807146344866
43143988327398919500412502988281250000
43143988327398919500412642002214704241
43143988327398919500439749719238281250
43143988327398919500441834928240094866
43143988327398919500848450683593750000
43143988327398919500879728818620954241
43143988327398919506978965148925781250
43143988327398919507448137174333844866
43143988327398919598936682128906250000
43143988327398919605974262510027204241
43143988327398920978302436828613281250
43143988327398921083866142545427594866
43143988327398941668788757324218750000
43143988327398943252244343076433454241
43143988327399252026083564758300781250
43143988327399275777917351041521344866
43143988327403907385505676269531250000
43143988327404263663012470517839704241
43143988327473737776837348937988281250
43143988327479081939439262662615094866
43143988328521193646812438964843750000
43143988328601356085841144834245954241
43143988344233031696438789367675781250
43143988345435468281869377408708844866
43143988579910602440834045410156250000
43143988597947151222292866025652204241
43143992115074163606762886047363281250
43143992385622395328645195279802594866
43144045142527581095695495605468750000
43144049200751056923930134092058454241
43144840554328843429684638977050781250
43144901427680980853204216275896344866
43156771731347778439521789550781250000
43157684831629839792315449033464704241
43335739386631803587079048156738281250
43349435890862723878983940396990094866
46225701779355985179011310849870954241
647159824910983792506158351898193359375
647159824910983792506158351898193359390
647159824910983792506158351898193359391
647159824910983792506158351898193359600
647159824910983792506158351898193359616
647159824910983792506158351898193362750
647159824910983792506158351898193362991
647159824910983792506158351898193410000
647159824910983792506158351898193413616
647159824910983792506158351898194118750
647159824910983792506158351898194172991
647159824910983792506158351898204750000
647159824910983792506158351898205563616
647159824910983792506158351898364218750
647159824910983792506158351898376422991
647159824910983792506158351900756250000
647159824910983792506158351900939313616
647159824910983792506158351936636718750
647159824910983792506158351939382672991
647159824910983792506158352474843750000
647159824910983792506158352516033063616
647159824910983792506158360547949218750
647159824910983792506158361165788922991
647159824910983792506158481644531250000
647159824910983792506158490912126813616
647159824910983792506160298093261718750
647159824910983792506160437107195172991
647159824910983792506187544824218750000
647159824910983792506189630033220563616
647159824910983792506596245788574218750
647159824910983792506627523923601422991
647159824910983792512726760253906250000
647159824910983792513195932279314313616
647159824910983792604684477233886718750
647159824910983792611722057615007672991
647159824910983793984050231933593750000
647159824910983794089613937650408063616
647159824910983814674536552429199218750
647159824910983816257992138181413922991
647159824910984125031831359863281250000
647159824910984148783665146146501813616
647159824910988780391253471374511718750
647159824910989136668760265622820172991
647159824911058610782585144042968750000
647159824911063954945187057767595563616
647159824912106066652560234069824218750
647159824912186229091588939939226422991
647159824927817904702186584472656250000
647159824929020341287617172513689313616
647159825163495475446581840515136718750
647159825181532024228040661130632672991
647159828698659036612510681152343750000
647159828969207268334392990384783063616
647159881726112454101443290710449218750
647159885784335929929677929197038922991
647160677137913716435432434082031250000
647160738011265853858952011380876813616
647172608314932651445269584655761718750
647173521415214712798063244138445172991
647351575970216676592826843261718750000
647365272474447596884731735501970563616
650036090799477053806185722351074218750
650241538362940858184759105954851422991
693385526690339777685169662748064313616
