225
226
50625
50850
11390625
11390850
11441250
2562890625
2562890850
2562941250
2574281250
576650390625
576650390850
576650441250
576661781250
579213281250
129746337890625
129746337890850
129746337941250
129746349281250
129748900781250
130322988281250
29192926025390625
29192926025390850
29192926025441250
29192926036781250
29192928588281250
29193502675781250
29322672363281250
6568408355712890625
6568408355712890850
6568408355712941250
6568408355724281250
6568408358275781250
6568408932363281250
6568538102050781250
6597601281738281250
1477891880035400390625
1477891880035400390850
1477891880035400441250
1477891880035411781250
1477891880037963281250
1477891880612050781250
1477892009781738281250
1477921072961425781250
1484460288391113281250
332525673007965087890625
332525673007965087890850
332525673007965087941250
332525673007965099281250
332525673007967650781250
332525673008541738281250
332525673137711425781250
332525702200891113281250
332532241416320800781250
334003564888000488281250
74818276426792144775390625
74818276426792144775390850
74818276426792144775441250
74818276426792144786781250
74818276426792147338281250
74818276426792721425781250
74818276426921891113281250
74818276455985070800781250
74818282995200500488281250
74819754318672180175781250
75150802099800109863281250
16834112196028232574462890625
16834112196028232574462890850
16834112196028232574462941250
16834112196028232574474281250
16834112196028232577025781250
16834112196028233151113281250
16834112196028362320800781250
16834112196057425500488281250
16834112202596640930175781250
16834113673920112609863281250
16834444721701240539550781250
16908930472455024719238281250
3787675244106352329254150390625
3787675244106352329254150390850
3787675244106352329254150441250
3787675244106352329254161781250
3787675244106352329256713281250
3787675244106352329830800781250
3787675244106352459000488281250
3787675244106381522180175781250
3787675244112920737609863281250
3787675245584244209289550781250
3787675576632025337219238281250
3787750062382779121398925781250
3804509356302380561828613281250
852226929923929274082183837890625
852226929923929274082183837890850
852226929923929274082183837941250
852226929923929274082183849281250
852226929923929274082186400781250
852226929923929274082760488281250
852226929923929274211930175781250
852226929923929303275109863281250
852226929923935842490539550781250
852226929925407165962219238281250
852226930256454947090148925781250
852227004742205700874328613281250
852243764036125302314758300781250
856014605168035626411437988281250
191751059232884086668491363525390625
191751059232884086668491363525390850
191751059232884086668491363525441250
191751059232884086668491363536781250
191751059232884086668491366088281250
191751059232884086668491940175781250
191751059232884086668621109863281250
191751059232884086697684289550781250
191751059232884093236899719238281250
191751059232885564560371398925781250
191751059233216612341499328613281250
191751059307702363095283508300781250
191751076066996282696723937988281250
191754846908128193020820617675781250
192603286162808015942573547363281250
43143988327398919500410556793212890625
43143988327398919500410556793212890850
43143988327398919500410556793212941250
43143988327398919500410556793224281250
43143988327398919500410556795775781250
43143988327398919500410557369863281250
43143988327398919500410686539550781250
43143988327398919500439749719238281250
43143988327398919506978965148925781250
43143988327398920978302436828613281250
43143988327399252026083564758300781250
43143988327473737776837348937988281250
43143988344233031696438789367675781250
43143992115074163606762886047363281250
43144840554328843429684638977050781250
43335739386631803587079048156738281250
