361
381
6859
6878
6879
7240
130321
130340
130341
130682
130702
137561
2476099
2476118
2476119
2476460
2476480
2482958
2483339
2613660
47045881
47045900
47045901
47046242
47046262
47052740
47053121
47176202
47183442
49659541
893871739
893871758
893871759
893872100
893872120
893878598
893878979
894002060
894009300
896347838
896485399
943531280
16983563041
16983563060
16983563061
16983563402
16983563422
16983569900
16983570281
16983693362
16983700602
16986039140
16986176701
17030608922
17033222582
17927094321
322687697779
322687697798
322687697799
322687698140
322687698160
322687704638
322687705019
322687828100
322687835340
322690173878
322690311439
322734743660
322737357320
323581569518
323631229059
340614792100
6131066257801
6131066257820
6131066257821
6131066258162
6131066258182
6131066264660
6131066265041
6131066388122
6131066395362
6131068733900
6131068871461
6131113303682
6131115917342
6131960129540
6132009789081
6148049820842
6148993352122
6471681049901
116490258898219
116490258898238
116490258898239
116490258898580
116490258898600
116490258905078
116490258905459
116490259028540
116490259035780
116490261374318
116490261511879
116490305944100
116490308557760
116491152769958
116491202429499
116507242461260
116508185992540
116812946595998
116830873690319
122961939948120
2213314919066161
2213314919066180
2213314919066181
2213314919066522
2213314919066542
2213314919073020
2213314919073401
2213314919196482
2213314919203722
2213314921542260
2213314921679821
2213314966112042
2213314968725702
2213315812937900
2213315862597441
2213331902629202
2213332846160482
2213637606763940
2213655533858261
2219445985323962
2219786600116062
2336276859014281
42052983462257059
42052983462257078
42052983462257079
42052983462257420
42052983462257440
42052983462263918
42052983462264299
42052983462387380
42052983462394620
42052983464733158
42052983464870719
42052983509302940
42052983511916600
42052984356128798
42052984405788339
42053000445820100
42053001389351380
42053306149954838
42053324077049159
42059114528514860
42059455143306960
42169473721155278
42175945402205179
44389260321271340
799006685782884121
799006685782884140
799006685782884141
799006685782884482
799006685782884502
799006685782890980
799006685782891361
799006685783014442
799006685783021682
799006685785360220
799006685785497781
799006685829930002
799006685832543662
799006686676755860
799006686726415401
799006702766447162
799006703709978442
799007008470581900
799007026397676221
799012816849141922
799013157463934022
799123176041782340
799129647722832241
801220000701950282
801342962641898402
843395946104155461
15181127029874798299
15181127029874798318
15181127029874798319
15181127029874798660
15181127029874798680
15181127029874805158
15181127029874805539
15181127029874928620
15181127029874935860
15181127029877274398
15181127029877411959
15181127029921844180
15181127029924457840
15181127030768670038
15181127030818329579
15181127046858361340
15181127047801892620
15181127352562496078
15181127370489590399
15181133160941056100
15181133501555848200
15181243520133696518
15181249991814746419
15183340344793864460
15183463306733812580
15223180013337055358
15225516290196069639
16024522975978953760
288441413567621167681
288441413567621167700
288441413567621167701
288441413567621168042
288441413567621168062
288441413567621174540
288441413567621174921
288441413567621298002
288441413567621305242
288441413567623643780
288441413567623781341
288441413567668213562
288441413567670827222
288441413568515039420
288441413568564698961
288441413584604730722
288441413585548262002
288441413890308865460
288441413908235959781
288441419698687425482
288441420039302217582
288441530057880065900
288441536529561115801
288443626882540233842
288443749844480181962
288483466551083424740
288485802827942439021
289240420253404051802
289284809513725323142
304465936543600121441
5480386857784802185939
5480386857784802185958
5480386857784802185959
5480386857784802186300
5480386857784802186320
5480386857784802192798
5480386857784802193179
5480386857784802316260
5480386857784802323500
5480386857784804662038
5480386857784804799599
5480386857784849231820
5480386857784851845480
5480386857785696057678
5480386857785745717219
5480386857801785748980
5480386857802729280260
5480386858107489883718
5480386858125416978039
5480386863915868443740
5480386864256483235840
5480386974275061084158
5480386980746742134059
5480389071099721252100
5480389194061661200220
5480428910768264442998
5480431247045123457279
5481185864470585070060
5481230253730906341400
5495567984814676984238
5496411380760781139699
5784852794328402307380
104127350297911241532841
104127350297911241532860
104127350297911241532861
104127350297911241533202
104127350297911241533222
104127350297911241539700
104127350297911241540081
104127350297911241663162
104127350297911241670402
104127350297911244008940
104127350297911244146501
104127350297911288578722
104127350297911291192382
104127350297912135404580
104127350297912185064121
104127350297928225095882
104127350297929168627162
104127350298233929230620
104127350298251856324941
104127350304042307790642
104127350304382922582742
104127350414401500431060
104127350420873181480961
104127352511226160599002
104127352634188100547122
104127392350894703789900
104127394687171562804181
104128149304597024416962
104128193693857345688302
104142531424941116331140
104143374820887220486601
104415791711478862700522
104431816234454841654282
109912203092239643840221
1978419655660313589123979
1978419655660313589123998
1978419655660313589123999
1978419655660313589124340
1978419655660313589124360
1978419655660313589130838
1978419655660313589131219
1978419655660313589254300
1978419655660313589261540
1978419655660313591600078
1978419655660313591737639
1978419655660313636169860
1978419655660313638783520
1978419655660314482995718
1978419655660314532655259
1978419655660330572687020
1978419655660331516218300
1978419655660636276821758
1978419655660654203916079
1978419655666444655381780
1978419655666785270173880
1978419655776803848022198
1978419655783275529072099
1978419657873628508190140
1978419657996590448138260
1978419697713297051381038
1978419700049573910395319
1978420454666999372008100
1978420499056259693279440
1978434836787343463922278
1978435680183289568077739
1978708097073881210291660
1978724121596857189245420
1983900042518098391309918
1984204508454641991431359
2088331858752553232964200
37589973457545958193355601
37589973457545958193355620
37589973457545958193355621
37589973457545958193355962
37589973457545958193355982
37589973457545958193362460
37589973457545958193362841
37589973457545958193485922
37589973457545958193493162
37589973457545958195831700
37589973457545958195969261
37589973457545958240401482
37589973457545958243015142
37589973457545959087227340
37589973457545959136886881
37589973457545975176918642
37589973457545976120449922
37589973457546280881053380
37589973457546298808147701
37589973457552089259613402
37589973457552429874405502
37589973457662448452253820
37589973457668920133303721
37589973459759273112421762
37589973459882235052369882
37589973499598941655612660
37589973501935218514626941
37589974256552643976239722
37589974300941904297511062
37589988638672988068153900
37589989482068934172309361
37590261898959525814523282
37590277923482501793477042
37595453844403742995541540
37595758310340286595662981
37694100807843869434888442
37699885660638197837195822
39678305316298511426319801
714209495693373205673756419
714209495693373205673756438
714209495693373205673756439
714209495693373205673756780
714209495693373205673756800
714209495693373205673763278
714209495693373205673763659
714209495693373205673886740
714209495693373205673893980
714209495693373205676232518
714209495693373205676370079
714209495693373205720802300
714209495693373205723415960
714209495693373206567628158
714209495693373206617287699
714209495693373222657319460
714209495693373223600850740
714209495693373528361454198
714209495693373546288548519
714209495693379336740014220
714209495693379677354806320
714209495693489695932654638
714209495693496167613704539
714209495695586520592822580
714209495695709482532770700
714209495735426189136013478
714209495737762465995027759
714209496492379891456640540
714209496536769151777911880
714209510874500235548554718
714209511717896181652710179
714209784134786773294924100
714209800159309749273877860
714214976080230990475942358
714215280546167534076063799
714313623043671116915289260
714319407896465445317596640
716187915349033519262880398
716297827552125758906720619
753887801009671717100076220
13569980418174090907801371961
13569980418174090907801371980
13569980418174090907801371981
13569980418174090907801372322
13569980418174090907801372342
13569980418174090907801378820
13569980418174090907801379201
13569980418174090907801502282
13569980418174090907801509522
13569980418174090907803848060
13569980418174090907803985621
13569980418174090907848417842
13569980418174090907851031502
13569980418174090908695243700
13569980418174090908744903241
13569980418174090924784935002
13569980418174090925728466282
13569980418174091230489069740
13569980418174091248416164061
13569980418174097038867629762
13569980418174097379482421862
13569980418174207398060270180
13569980418174213869741320081
13569980418176304222720438122
13569980418176427184660386242
13569980418216143891263629020
13569980418218480168122643301
13569980418973097593584256082
13569980419017486853905527422
13569980433355217937676170260
13569980434198613883780325721
13569980706615504475422539642
13569980722640027451401493402
13569985898560948692603557900
13569986203026885236203679341
13570084545524388819042904802
13570090330377183147445212182
13571958837829751221390495940
13572068750032843461034336161
13607570391631636865994727562
13609658723490389419227691762
14323868219183762624901448181
257829627945307727248226067259
257829627945307727248226067278
257829627945307727248226067279
257829627945307727248226067620
257829627945307727248226067640
257829627945307727248226074118
257829627945307727248226074499
257829627945307727248226197580
257829627945307727248226204820
257829627945307727248228543358
257829627945307727248228680919
257829627945307727248273113140
257829627945307727248275726800
257829627945307727249119938998
257829627945307727249169598539
257829627945307727265209630300
257829627945307727266153161580
257829627945307727570913765038
257829627945307727588840859359
257829627945307733379292325060
257829627945307733719907117160
257829627945307843738484965478
257829627945307850210166015379
257829627945309940563145133420
257829627945310063525085081540
257829627945349780231688324318
257829627945352116508547338599
257829627946106733934008951380
257829627946151123194330222720
257829627960488854278100865558
257829627961332250224205021019
257829628233749140815847234940
257829628249773663791826188700
257829633425694585033028253198
257829633730160521576628374639
257829732072658025159467600100
257829737857510819487869907480
257831606364963387561815191238
257831716277166479801459031459
257867217918765273206419422860
257869306250624025759652387060
258543837441001100453899823678
258583515746317398965326143479
272153496164491489873127515440
4898762930960846817716295277921
4898762930960846817716295277940
4898762930960846817716295277941
4898762930960846817716295278282
4898762930960846817716295278302
4898762930960846817716295284780
4898762930960846817716295285161
4898762930960846817716295408242
4898762930960846817716295415482
4898762930960846817716297754020
4898762930960846817716297891581
4898762930960846817716342323802
4898762930960846817716344937462
4898762930960846817717189149660
4898762930960846817717238809201
4898762930960846817733278840962
4898762930960846817734222372242
4898762930960846818038982975700
4898762930960846818056910070021
4898762930960846823847361535722
4898762930960846824187976327822
4898762930960846934206554176140
4898762930960846940678235226041
4898762930960849031031214344082
4898762930960849153993154292202
4898762930960888870699757534980
4898762930960891206976616549261
4898762930961645824402078162042
4898762930961690213662399433382
4898762930976027944746170076220
4898762930976871340692274231681
4898762931249288231283916445602
4898762931265312754259895399362
4898762936441233675501097463860
4898762936745699612044697585301
4898763035088197115627536810762
4898763040873049909955939118142
4898764909380502478029884401900
4898765019292705570269528242121
4898800520934304363674488633522
4898802609266163116227721597722
4899477140456540190921969034340
4899516818761856489433395354141
4912332911379020908624096649882
4913086799180030580341196726102
5170916427125338307589422793361
93076495688256089536609610280499
93076495688256089536609610280518
93076495688256089536609610280519
93076495688256089536609610280860
93076495688256089536609610280880
93076495688256089536609610287358
93076495688256089536609610287739
93076495688256089536609610410820
93076495688256089536609610418060
93076495688256089536609612756598
93076495688256089536609612894159
93076495688256089536609657326380
93076495688256089536609659940040
93076495688256089536610504152238
93076495688256089536610553811779
93076495688256089536626593843540
93076495688256089536627537374820
93076495688256089536932297978278
93076495688256089536950225072599
93076495688256089542740676538300
93076495688256089543081291330400
93076495688256089653099869178718
93076495688256089659571550228619
93076495688256091749924529346660
93076495688256091872886469294780
93076495688256131589593072537558
93076495688256133925869931551839
93076495688256888543295393164620
93076495688256932932555714435960
93076495688271270663639485078798
93076495688272114059585589234259
93076495688544530950177231448180
93076495688560555473153210401940
93076495693736476394394412466438
93076495694040942330938012587879
93076495792383439834520851813340
93076495798168292628849254120720
93076497666675745196923199404478
93076497776587948289162843244699
93076533278229547082567803636100
93076535366561405835121036600300
93077209897751782909815284036918
93077249576057099208326710356719
93090065668674263627517411652460
93090819556475273299234511728680
93334325316201397263857836347758
93348649184420581026482737795939
98247412115381427844199033073860
1768453418076865701195582595329481
1768453418076865701195582595329500
1768453418076865701195582595329501
1768453418076865701195582595329842
1768453418076865701195582595329862
1768453418076865701195582595336340
1768453418076865701195582595336721
1768453418076865701195582595459802
1768453418076865701195582595467042
1768453418076865701195582597805580
1768453418076865701195582597943141
1768453418076865701195582642375362
1768453418076865701195582644989022
1768453418076865701195583489201220
1768453418076865701195583538860761
1768453418076865701195599578892522
1768453418076865701195600522423802
1768453418076865701195905283027260
1768453418076865701195923210121581
1768453418076865701201713661587282
1768453418076865701202054276379382
1768453418076865701312072854227700
1768453418076865701318544535277601
1768453418076865703408897514395642
1768453418076865703531859454343762
1768453418076865743248566057586540
1768453418076865745584842916600821
1768453418076866500202268378213602
1768453418076866544591528699484942
1768453418076880882322612470127780
1768453418076881725718558574283241
1768453418077154142609150216497162
1768453418077170167132126195450922
1768453418082346088053367397515420
1768453418082650553989910997636861
1768453418180993051493493836862322
1768453418186777904287822239169702
1768453420055285356855896184453460
1768453420165197559948135828293681
1768453455666839158741540788685082
1768453457755171017494094021649282
1768454132286361394568788269085900
1768454171964666710867299695405701
1768466988057283875286490396701442
1768467741945084884958207496777662
1768711247704811008922830821396740
1768725571573030192685455722844921
1773352181007826548013298890607402
1773624334503991039503172018122842
1866700830192247129039781628403341
33600614943460448322716069311260139
33600614943460448322716069311260158
33600614943460448322716069311260159
33600614943460448322716069311260500
33600614943460448322716069311260520
33600614943460448322716069311266998
33600614943460448322716069311267379
33600614943460448322716069311390460
33600614943460448322716069311397700
33600614943460448322716069313736238
33600614943460448322716069313873799
33600614943460448322716069358306020
33600614943460448322716069360919680
33600614943460448322716070205131878
33600614943460448322716070254791419
33600614943460448322716086294823180
33600614943460448322716087238354460
33600614943460448322716391998957918
33600614943460448322716409926052239
33600614943460448322722200377517940
33600614943460448322722540992310040
33600614943460448322832559570158358
33600614943460448322839031251208259
33600614943460448324929384230326300
33600614943460448325052346170274420
33600614943460448364769052773517198
33600614943460448367105329632531479
33600614943460449121722755094144260
33600614943460449166112015415415600
33600614943460463503843099186058438
33600614943460464347239045290213899
33600614943460736764129636932427820
33600614943460752788652612911381580
33600614943465928709573854113446078
33600614943466233175510397713567519
33600614943564575673013980552792980
33600614943570360525808308955100360
33600614945438867978376382900384118
33600614945548780181468622544224339
33600614981050421780262027504615740
33600614983138753639014580737579940
33600615657669944016089274985016558
33600615697348249332387786411336359
33600628513440866496806977112632100
33600629267328667506478694212708320
33600872773088393630443317537327398
33600887096956612814205942438775579
33605513706391409169533785606538060
33605785859887573661023658734053500
33693691439148704412252678921540638
33698862355575829750560268344333999
35467315773652695451755850939663480
638411683925748518131605316913942641
638411683925748518131605316913942660
638411683925748518131605316913942661
638411683925748518131605316913943002
638411683925748518131605316913943022
638411683925748518131605316913949500
638411683925748518131605316913949881
638411683925748518131605316914072962
638411683925748518131605316914080202
638411683925748518131605316916418740
638411683925748518131605316916556301
638411683925748518131605316960988522
638411683925748518131605316963602182
638411683925748518131605317807814380
638411683925748518131605317857473921
638411683925748518131605333897505682
638411683925748518131605334841036962
638411683925748518131605639601640420
638411683925748518131605657528734741
638411683925748518131611447980200442
638411683925748518131611788594992542
638411683925748518131721807172840860
638411683925748518131728278853890761
638411683925748518133818631833008802
638411683925748518133941593772956922
638411683925748518173658300376199700
638411683925748518175994577235213981
638411683925748518930612002696826762
638411683925748518975001263018098102
638411683925748533312732346788740940
638411683925748534156128292892896401
638411683925748806573018884535110322
638411683925748822597541860514064082
638411683925753998518463101716128580
638411683925754302984399645316250021
638411683925852645481903228155475482
638411683925858430334697556557782862
638411683927726937787265630503066620
638411683927836849990357870146906841
638411683963338491589151275107298242
638411683965426823447903828340262442
638411684639958013824978522587699060
638411684679636319141277034014018861
638411697495728936305696224715314602
638411698249616737315367941815390822
638411941755376463439332565140009900
638411956079244682623095190041458081
638416582688679478978423033209220562
638416854842175643469912906336736002
638504760421436774221141926524223140
638509931337863899559449515947016501
640180137343825383832800899509272122
640278384755940765260645098542345982
673878999699401213583361167853606121
12129821994589221844500501021364910179
12129821994589221844500501021364910198
12129821994589221844500501021364910199
12129821994589221844500501021364910540
12129821994589221844500501021364910560
12129821994589221844500501021364917038
12129821994589221844500501021364917419
12129821994589221844500501021365040500
12129821994589221844500501021365047740
12129821994589221844500501021367386278
12129821994589221844500501021367523839
12129821994589221844500501021411956060
12129821994589221844500501021414569720
12129821994589221844500501022258781918
12129821994589221844500501022308441459
12129821994589221844500501038348473220
12129821994589221844500501039292004500
12129821994589221844500501344052607958
12129821994589221844500501361979702279
12129821994589221844500507152431167980
12129821994589221844500507493045960080
12129821994589221844500617511623808398
12129821994589221844500623983304858299
12129821994589221844502714336283976340
12129821994589221844502837298223924460
12129821994589221844542554004827167238
12129821994589221844544890281686181519
12129821994589221845299507707147794300
12129821994589221845343896967469065640
12129821994589221859681628051239708478
12129821994589221860525023997343863939
12129821994589222132941914588986077860
12129821994589222148966437564965031620
12129821994589227324887358806167096118
12129821994589227629353295349767217559
12129821994589325971850798932606443020
12129821994589331756703593261008750400
12129821994591200264156161334954034158
12129821994591310176359253574597874379
12129821994626811817958046979558265780
12129821994628900149816799532791229980
12129821995303431340193874227038666598
12129821995343109645510172738464986399
12129822008159202262674591929166282140
12129822008913090063684263646266358360
12129822252418849789808228269590977438
12129822266742718008991990894492425619
12129826893352152805347318737660188100
12129827165505648969838808610787703540
12129915071084910100590037630975190678
12129920242001337225928345220397984039
12131590448007298710201696603960239660
12131688695419414091629540802993313520
12163422609532682292823217090676170318
12165289310362874539952256872304573659
12803700994288623058083862189218516300
230466617897195215045509519405933293401
230466617897195215045509519405933293420
230466617897195215045509519405933293421
230466617897195215045509519405933293762
230466617897195215045509519405933293782
230466617897195215045509519405933300260
230466617897195215045509519405933300641
230466617897195215045509519405933423722
230466617897195215045509519405933430962
230466617897195215045509519405935769500
230466617897195215045509519405935907061
230466617897195215045509519405980339282
230466617897195215045509519405982952942
230466617897195215045509519406827165140
230466617897195215045509519406876824681
230466617897195215045509519422916856442
230466617897195215045509519423860387722
230466617897195215045509519728620991180
230466617897195215045509519746548085501
230466617897195215045509525536999551202
230466617897195215045509525877614343302
230466617897195215045509635896192191620
230466617897195215045509642367873241521
230466617897195215045511732720852359562
230466617897195215045511855682792307682
230466617897195215045551572389395550460
230466617897195215045553908666254564741
230466617897195215046308526091716177522
230466617897195215046352915352037448862
230466617897195215060690646435808091700
230466617897195215061534042381912247161
230466617897195215333950932973554461082
230466617897195215349975455949533414842
230466617897195220525896377190735479340
230466617897195220830362313734335600781
230466617897195319172859817317174826242
230466617897195324957712611645577133622
230466617897197193465165179719522417380
230466617897197303377368271959166257601
230466617897232805018967065364126649002
230466617897234893350825817917359613202
230466617897909424541202892611607049820
230466617897949102846519191123033369621
230466617910765195463683610313734665362
230466617911519083264693282030834741582
230466618155024842990817246654159360660
230466618169348711210001009279060808841
230466622795958146006356337122228571322
230466623068111642170847826995356086762
230466710973690903301599056015543573900
230466716144607330426937363604966367261
230468386350613291911210714988528622882
230468484598025407292638559187561696742
230500218512138675493832235475244553540
230502085212968867740961275256872956881
231105029581120963563641124722847236042
231140496896894616259092880573786899522
243270318891483838103593381595151809701
