9
10
81
90
729
738
810
6561
6570
6642
7290
59049
59058
59130
59778
65610
531441
531450
531522
532170
538002
590490
4782969
4782978
4783050
4783698
4789530
4842018
5314410
43046721
43046730
43046802
43047450
43053282
43105770
43578162
47829690
387420489
387420498
387420570
387421218
387427050
387479538
387951930
392203458
430467210
3486784401
3486784410
3486784482
3486785130
3486790962
3486843450
3487315842
3491567370
3529831122
3874204890
31381059609
31381059618
31381059690
31381060338
31381066170
31381118658
31381591050
31385842578
31424106330
31768480098
34867844010
282429536481
282429536490
282429536562
282429537210
282429543042
282429595530
282430067922
282434319450
282472583202
282816956970
285916320882
313810596090
2541865828329
2541865828338
2541865828410
2541865829058
2541865834890
2541865887378
2541866359770
2541870611298
2541908875050
2542253248818
2545352612730
2573246887938
2824295364810
22876792454961
22876792454970
22876792455042
22876792455690
22876792461522
22876792514010
22876792986402
22876797237930
22876835501682
22877179875450
22880279239362
22908173514570
23159221991442
25418658283290
205891132094649
205891132094658
205891132094730
205891132095378
205891132101210
205891132153698
205891132626090
205891136877618
205891175141370
205891519515138
205894618879050
205922513154258
206173561631130
208432997922978
228767924549610
1853020188851841
1853020188851850
1853020188851922
1853020188852570
1853020188858402
1853020188910890
1853020189383282
1853020193634810
1853020231898562
1853020576272330
1853023675636242
1853051569911450
1853302618388322
1855562054680170
1875896981306802
2058911320946490
16677181699666569
16677181699666578
16677181699666650
16677181699667298
16677181699673130
16677181699725618
16677181700198010
16677181704449538
16677181742713290
16677182087087058
16677185186450970
16677213080726178
16677464129203050
16679723565494898
16700058492121530
16883072831761218
18530201888518410
150094635296999121
150094635296999130
150094635296999202
150094635296999850
150094635297005682
150094635297058170
150094635297530562
150094635301782090
150094635340045842
150094635684419610
150094638783783522
150094666678058730
150094917726535602
150097177162827450
150117512089454082
150300526429093770
151947655485850962
166771816996665690
1350851717672992089
1350851717672992098
1350851717672992170
1350851717672992818
1350851717672998650
1350851717673051138
1350851717673523530
1350851717677775058
1350851717716038810
1350851718060412578
1350851721159776490
1350851749054051698
1350852000102528570
1350854259538820418
1350874594465447050
1351057608805086738
1352704737861843930
1367528899372658658
1500946352969991210
12157665459056928801
12157665459056928810
12157665459056928882
12157665459056929530
12157665459056935362
12157665459056987850
12157665459057460242
12157665459061711770
12157665459099975522
12157665459444349290
12157665462543713202
12157665490437988410
12157665741486465282
12157668000922757130
12157688335849383762
12157871350189023450
12159518479245780642
12174342640756595370
12307760094353927922
13508517176729920890
109418989131512359209
109418989131512359218
109418989131512359290
109418989131512359938
109418989131512365770
109418989131512418258
109418989131512890650
109418989131517142178
109418989131555405930
109418989131899779698
109418989134999143610
109418989162893418818
109418989413941895690
109418991673378187538
109419012008304814170
109419195022644453858
109420842151701211050
109435666313212025778
109569083766809358330
110769840849185351298
121576654590569288010
984770902183611232881
984770902183611232890
984770902183611232962
984770902183611233610
984770902183611239442
984770902183611291930
984770902183611764322
984770902183616015850
984770902183654279602
984770902183998653370
984770902187098017282
984770902214992292490
984770902466040769362
984770904725477061210
984770925060403687842
984771108074743327530
984772755203800084722
984787579365310899450
984920996818908232002
986121753901284224970
996928567642668161682
1094189891315123592090
8862938119652501095929
8862938119652501095938
8862938119652501096010
8862938119652501096658
8862938119652501102490
8862938119652501154978
8862938119652501627370
8862938119652505878898
8862938119652544142650
8862938119652888516418
8862938119655987880330
8862938119683882155538
8862938119934930632410
8862938122194366924258
8862938142529293550890
8862938325543633190578
8862939972672689947770
8862954796834200762498
8863088214287798095050
8864288971370174088018
8875095785111558024730
8972357108784013455138
9847709021836112328810
79766443076872509863361
79766443076872509863370
79766443076872509863442
79766443076872509864090
79766443076872509869922
79766443076872509922410
79766443076872510394802
79766443076872514646330
79766443076872552910082
79766443076872897283850
79766443076875996647762
79766443076903890922970
79766443077154939399842
79766443079414375691690
79766443099749302318322
79766443282763641958010
79766444929892698715202
79766459754054209529930
79766593171507806862482
79767793928590182855450
79778600742331566792162
79875862066004022222570
80751213979056121096242
88629381196525010959290
717897987691852588770249
717897987691852588770258
717897987691852588770330
717897987691852588770978
717897987691852588776810
717897987691852588829298
717897987691852589301690
717897987691852593553218
717897987691852631816970
717897987691852976190738
717897987691856075554650
717897987691883969829858
717897987692135018306730
717897987694394454598578
717897987714729381225210
717897987897743720864898
717897989544872777622090
717898004369034288436818
717898137786487885769370
717899338543570261762338
717910145357311645699050
718007406680984101129458
718882758594036200003130
726760925811505089866178
797664430768725098633610
6461081889226673298932241
6461081889226673298932250
6461081889226673298932322
6461081889226673298932970
6461081889226673298938802
6461081889226673298991290
6461081889226673299463682
6461081889226673303715210
6461081889226673341978962
6461081889226673686352730
6461081889226676785716642
6461081889226704679991850
6461081889226955728468722
6461081889229215164760570
6461081889249550091387202
6461081889432564431026890
6461081891079693487784082
6461081905903854998598810
6461082039321308595931362
6461083240078390971924330
6461094046892132355861042
6461191308215804811291450
6462066660128856910165122
6469944827346325800028170
6540848332303545808795602
7178979876918525887702490
58149737003040059690390169
58149737003040059690390178
58149737003040059690390250
58149737003040059690390898
58149737003040059690396730
58149737003040059690449218
58149737003040059690921610
58149737003040059695173138
58149737003040059733436890
58149737003040060077810658
58149737003040063177174570
58149737003040091071449778
58149737003040342119926650
58149737003042601556218498
58149737003062936482845130
58149737003245950822484818
58149737004893079879242010
58149737019717241390056738
58149737153134694987389290
58149738353891777363382258
58149749160705518747318970
58149846422029191202749378
58150721773942243301623050
58158599941159712191486098
58229503446116932200253530
58867634990731912279160418
64610818892266732989322410
523347633027360537213511521
523347633027360537213511530
523347633027360537213511602
523347633027360537213512250
523347633027360537213518082
523347633027360537213570570
523347633027360537214042962
523347633027360537218294490
523347633027360537256558242
523347633027360537600932010
523347633027360540700295922
523347633027360568594571130
523347633027360819643048002
523347633027363079079339850
523347633027383414005966482
523347633027566428345606170
523347633029213557402363362
523347633044037718913178090
523347633177455172510510642
523347634378212254886503610
523347645185025996270440322
523347742446349668725870730
523348617798262720824744402
523356495965480189714607450
523427399470437409723374882
524065531015052389802281770
529808714916587210512443762
581497370030400596903901690
4710128697246244834921603689
4710128697246244834921603698
4710128697246244834921603770
4710128697246244834921604418
4710128697246244834921610250
4710128697246244834921662738
4710128697246244834922135130
4710128697246244834926386658
4710128697246244834964650410
4710128697246244835309024178
4710128697246244838408388090
4710128697246244866302663298
4710128697246245117351140170
4710128697246247376787432018
4710128697246267711714058650
4710128697246450726053698338
4710128697248097855110455530
4710128697262922016621270258
4710128697396339470218602810
4710128698597096552594595778
4710128709403910293978532490
4710128806665233966433962898
4710129682017147018532836570
4710137560184364487422699618
4710208463689321707431467050
4710846595233936687510373938
4716589779135471508220535930
4768278434249284894611993858
5233476330273605372135115210
42391158275216203514294433201
42391158275216203514294433210
42391158275216203514294433282
42391158275216203514294433930
42391158275216203514294439762
42391158275216203514294492250
42391158275216203514294964642
42391158275216203514299216170
42391158275216203514337479922
42391158275216203514681853690
42391158275216203517781217602
42391158275216203545675492810
42391158275216203796723969682
42391158275216206056160261530
42391158275216226391086888162
42391158275216409405426527850
42391158275218056534483285042
42391158275232880695994099770
42391158275366298149591432322
42391158276567055231967425290
42391158287373868973351362002
42391158384635192645806792410
42391159259987105697905666082
42391167138154323166795529130
42391238041659280386804296562
42391876173203895366883203450
42397619357105430187593365442
42449308012219243573984823370
42914505908243564051507944722
47101286972462448349216036890
381520424476945831628649898809
381520424476945831628649898818
381520424476945831628649898890
381520424476945831628649899538
381520424476945831628649905370
381520424476945831628649957858
381520424476945831628650430250
381520424476945831628654681778
381520424476945831628692945530
381520424476945831629037319298
381520424476945831632136683210
381520424476945831660030958418
381520424476945831911079435290
381520424476945834170515727138
381520424476945854505442353770
381520424476946037519781993458
381520424476947684648838750650
381520424476962508810349565378
381520424477095926263946897930
381520424478296683346322890898
381520424489103497087706827610
381520424586364820760162258018
381520425461716733812261131690
381520433339883951281150994738
381520504243388908501159762170
381521142374933523481238669058
381526885558835058301948831050
381578574213948871688340288978
382043772109973192165863410330
386230553174192076463571502498
423911582752162035142944332010
3433683820292512484657849089281
3433683820292512484657849089290
3433683820292512484657849089362
3433683820292512484657849090010
3433683820292512484657849095842
3433683820292512484657849148330
3433683820292512484657849620722
3433683820292512484657853872250
3433683820292512484657892136002
3433683820292512484658236509770
3433683820292512484661335873682
3433683820292512484689230148890
3433683820292512484940278625762
3433683820292512487199714917610
3433683820292512507534641544242
3433683820292512690548981183930
3433683820292514337678037941122
3433683820292529161839548755850
3433683820292662579293146088402
3433683820293863336375522081370
3433683820304670150116906018082
3433683820401931473789361448490
3433683821277283386841460322162
3433683829155450604310350185210
3433683900058955561530358952642
3433684538190500176510437859530
3433690281374401711331148021522
3433741970029515524717539479450
3434207167925539845195062600802
3438393948989758729492770692970
3476074978567728688172143522482
3815204244769458316286498988090
30903154382632612361920641803529
30903154382632612361920641803538
30903154382632612361920641803610
30903154382632612361920641804258
30903154382632612361920641810090
30903154382632612361920641862578
30903154382632612361920642334970
30903154382632612361920646586498
30903154382632612361920684850250
30903154382632612361921029224018
30903154382632612361924128587930
30903154382632612361952022863138
30903154382632612362203071340010
30903154382632612364462507631858
30903154382632612384797434258490
30903154382632612567811773898178
30903154382632614214940830655370
30903154382632629039102341470098
30903154382632762456555938802650
30903154382633963213638314795618
30903154382644770027379698732330
30903154382742031351052154162738
30903154383617383264104253036410
30903154391495550481573142899458
30903154462399055438793151666890
30903155100530600053773230573778
30903160843714501588593940735770
30903212532369615401980332193698
30903677730265639722457855315050
30907864511329858606755563407218
30945545540907828565434936236730
31284674807109558193549291702338
34336838202925124846578490892810
278128389443693511257285776231761
278128389443693511257285776231770
278128389443693511257285776231842
278128389443693511257285776232490
278128389443693511257285776238322
278128389443693511257285776290810
278128389443693511257285776763202
278128389443693511257285781014730
278128389443693511257285819278482
278128389443693511257286163652250
278128389443693511257289263016162
278128389443693511257317157291370
278128389443693511257568205768242
278128389443693511259827642060090
278128389443693511280162568686722
278128389443693511463176908326410
278128389443693513110305965083602
278128389443693527934467475898330
278128389443693661351921073230882
278128389443694862109003449223850
278128389443705668922744833160562
278128389443802930246417288590970
278128389444678282159469387464642
278128389452556449376938277327690
278128389523459954334158286095122
278128390161591498949138365002010
278128395904775400483959075164002
278128447593430514297345466621930
278128912791326538617822989743282
278133099572390757502120697835450
278170780601968727460800070664962
278509909868170457088914426130570
281562073263986023741943625321042
309031543826326123619206418035290
2503155504993241601315571986085849
2503155504993241601315571986085858
2503155504993241601315571986085930
2503155504993241601315571986086578
2503155504993241601315571986092410
2503155504993241601315571986144898
2503155504993241601315571986617290
2503155504993241601315571990868818
2503155504993241601315572029132570
2503155504993241601315572373506338
2503155504993241601315575472870250
2503155504993241601315603367145458
2503155504993241601315854415622330
2503155504993241601318113851914178
2503155504993241601338448778540810
2503155504993241601521463118180498
2503155504993241603168592174937690
2503155504993241617992753685752418
2503155504993241751410207283084970
2503155504993242952167289659077938
2503155504993253758981031043014650
2503155504993351020304703498445058
2503155504994226372217755597318730
2503155505002104539435224487181778
2503155505073008044392444495949210
2503155505711139589007424574856098
2503155511454323490542245285018090
2503155563142978604355631676476018
2503156028340874628676109199597370
2503160215121938847560406907689538
2503197896151516817519086280519050
2503537025417718547147200635984658
2506589188813534113800229835175130
2534058659375874213677492627889378
2781283894436935112572857762317610
22528399544939174411840147874772641
22528399544939174411840147874772650
22528399544939174411840147874772722
22528399544939174411840147874773370
22528399544939174411840147874779202
22528399544939174411840147874831690
22528399544939174411840147875304082
22528399544939174411840147879555610
22528399544939174411840147917819362
22528399544939174411840148262193130
22528399544939174411840151361557042
22528399544939174411840179255832250
22528399544939174411840430304309122
22528399544939174411842689740600970
22528399544939174411863024667227602
22528399544939174412046039006867290
22528399544939174413693168063624482
22528399544939174428517329574439210
22528399544939174561934783171771762
22528399544939175762691865547764730
22528399544939186569505606931701442
22528399544939283830829279387131850
22528399544940159182742331486005522
22528399544948037349959800375868570
22528399545018940854917020384636002
22528399545657072399532000463542890
22528399551400256301066821173704882
22528399603088911414880207565162810
22528400068286807439200685088284162
22528404255067871658084982796376330
22528441936097449628043662169205842
22528781065363651357671776524671450
22531833228759466924324805723861922
22559302699321807024202068516576170
22806527934382867923097433651004402
25031555049932416013155719860858490
202755595904452569706561330872953769
202755595904452569706561330872953778
202755595904452569706561330872953850
202755595904452569706561330872954498
202755595904452569706561330872960330
202755595904452569706561330873012818
202755595904452569706561330873485210
202755595904452569706561330877736738
202755595904452569706561330916000490
202755595904452569706561331260374258
202755595904452569706561334359738170
202755595904452569706561362254013378
202755595904452569706561613302490250
202755595904452569706563872738782098
202755595904452569706584207665408730
202755595904452569706767222005048418
202755595904452569708414351061805610
202755595904452569723238512572620338
202755595904452569856655966169952890
202755595904452571057413048545945858
202755595904452581864226789929882570
202755595904452679125550462385312978
202755595904453554477463514484186650
202755595904461432644680983374049698
202755595904532336149638203382817130
202755595905170467694253183461724018
202755595910913651595788004171886010
202755595962602306709601390563343938
202755596427800202733921868086465290
202755600614581266952806165794557458
202755638295610844922764845167386970
202755977424877046652392959522852578
202759029588272862219045988722043050
202786499058835202318923251514757298
203033724293896263217818616649185530
205258751409445811307876902859039618
225283995449391744118401478747726410
1824800363140073127359051977856583921
1824800363140073127359051977856583930
1824800363140073127359051977856584002
1824800363140073127359051977856584650
1824800363140073127359051977856590482
1824800363140073127359051977856642970
1824800363140073127359051977857115362
1824800363140073127359051977861366890
1824800363140073127359051977899630642
1824800363140073127359051978244004410
1824800363140073127359051981343368322
1824800363140073127359052009237643530
1824800363140073127359052260286120402
1824800363140073127359054519722412250
1824800363140073127359074854649038882
1824800363140073127359257868988678570
1824800363140073127360904998045435762
1824800363140073127375729159556250490
1824800363140073127509146613153583042
1824800363140073128709903695529576010
1824800363140073139516717436913512722
1824800363140073236778041109368943130
1824800363140074112129954161467816802
1824800363140081990297171630357679850
1824800363140152893802128850366447282
1824800363140791025346743830445354170
1824800363146534209248278651155516162
1824800363198222864362092037546974090
1824800363663420760386412515070095442
1824800367850201824605296812778187610
1824800405531231402575255492151017122
1824800744660497604304883606506482730
1824803796823893419871536635705673202
1824831266294455759971413898498387450
1825078491529516820870309263632815682
1827303518645066368960367549842669770
1847328762685012301770892125731356562
2027555959044525697065613308729537690
16423203268260658146231467800709255289
16423203268260658146231467800709255298
16423203268260658146231467800709255370
16423203268260658146231467800709256018
16423203268260658146231467800709261850
16423203268260658146231467800709314338
16423203268260658146231467800709786730
16423203268260658146231467800714038258
16423203268260658146231467800752302010
16423203268260658146231467801096675778
16423203268260658146231467804196039690
16423203268260658146231467832090314898
16423203268260658146231468083138791770
16423203268260658146231470342575083618
16423203268260658146231490677501710250
16423203268260658146231673691841349938
16423203268260658146233320820898107130
16423203268260658146248144982408921858
16423203268260658146381562436006254410
16423203268260658147582319518382247378
16423203268260658158389133259766184090
16423203268260658255650456932221614498
16423203268260659131002369984320488170
16423203268260667009169587453210351218
16423203268260737912674544673219118650
16423203268261376044219159653298025538
16423203268267119228120694474008187530
16423203268318807883234507860399645458
16423203268784005779258828337922766810
16423203272970786843477712635630858978
16423203310651816421447671315003688490
16423203649781082623177299429359154098
16423206701944478438743952458558344570
16423234171415040778843829721351058818
16423481396650101839742725086485487050
16425706423765651387832783372695341138
16445731667805597320643307948584027930
16625958864165110715938029131582209058
18248003631400731273590519778565839210
147808829414345923316083210206383297601
147808829414345923316083210206383297610
147808829414345923316083210206383297682
147808829414345923316083210206383298330
147808829414345923316083210206383304162
147808829414345923316083210206383356650
147808829414345923316083210206383829042
147808829414345923316083210206388080570
147808829414345923316083210206426344322
147808829414345923316083210206770718090
147808829414345923316083210209870082002
147808829414345923316083210237764357210
147808829414345923316083210488812834082
147808829414345923316083212748249125930
147808829414345923316083233083175752562
147808829414345923316083416097515392250
147808829414345923316085063226572149442
147808829414345923316099887388082964170
147808829414345923316233304841680296722
147808829414345923317434061924056289690
147808829414345923328240875665440226402
147808829414345923425502199337895656810
147808829414345924300854112389994530482
147808829414345932179021329858884393530
147808829414346003082526287078893160962
147808829414346641214070902058972067850
147808829414352384397972436879682229842
147808829414404073053086250266073687770
147808829414869270949110570743596809122
147808829419056052013329455041304901290
147808829456737081591299413720677730802
147808829795866347793029041835033196410
147808832848029743608595694864232386882
147808860317500305948695572127025101130
147809107542735367009594467492159529362
147811332569850916557684525778369383450
147831357813890862490495050354258070242
148011585010250375885789771537256251370
149633629777485996443442262184239881522
164232032682606581462314678007092552890
