30
31
756
3250
3276
3280
81256
81280
81900
82000
59078281
31789468750
31789468776
31789469506
31789471900
31789471905
31789472005
946095722031
946095800025
946095800031
946095800130
946095800625
946095800751
946095800755
946095800781
953615625130
953615625156
22888430156376
22888430156380
22888430156406
22888478922025
22919931656256
22919931656280
22919931734500
22919931734526
22919931734530
22919931735025
22919931735150
22919931735156
22919970706875
22919973128256
22919973128280
22919982910005
22919982910006
22920226656255
99981740250156
99981740250630
99981740313256
99981740313280
99981740315755
99981740315781
99981740316250
99981740316276
99981740316280
99981740316405
99981740316406
2479553525800125
2479554687906381
2479554687906400
2479554687906405
2479585020019500
2479585021488156
74406439269938125
74406439513691256
74406469728906255
74406469728906256
74406469728906280
74406469775485005
74406470947362525
74406470947362531
74406470947363251
74406470947363255
74406470947363281
27939689160162597675625
27939689160162597675750
27939689160162597675756
27939689160162597675775
27939689160192881250651
27939689160192881250655
27939689160192881250750
27939689160192881268876
27939689160192881268880
27939689160192881268906
27939689160192929688156
27939689160192929690625
27939689160194091890775
27939689160194091891250
2911323669075171191500006
2911323669075171191500030
2911323669075171191500155
2911323669075171193765656
2911323669075171193765755
2911323669075171193765756
2911323669075171193769380
2911323669075171193769400
2911323669075171193769406
2911323669075171193831255
2911323669075171193831281
2911323669075171193831375
2911351621269264220785006
2270099902227498017590328751
2270099902227498022715253156
2270099902227498022715253255
2270099902227498022715253256
2270099902227498022755937500
2270099902227498022755938151
2270099902227498022755938256
2270099902227520141601581251
2270099902227520141601641405
2270099902227520142873128251
2270099902227520142873143776
2270099902227520142873143875
2270099902227520142873143881
2270099902227520142873144506
2270099902227520142873144530
2270099902227520904843750001
2270099902227520904843750005
2270099902227520904843847501
2270099902227520904843847525
2270099902227520904843847651
2270099902227520904843847655
2270099902227520941222657006
2270099902227520941222657025
2270099902227520941222657030
2270099902227520941223128126
2270099902227520941223128130
2270803080871205145312593751
2270803080871205145312593755
2270803080871205145312593781
2270821670008201636972672000
2270821670008201636972675131
2270821670008201636972675150
2270821670008201636972675155
2270821670008201636975093780
47297356845512505346738281880
47297356845512505346738296876
47297356845512505346738300755
47297356845512505346738300756
47297356845512505346738753275
47297356845512505346738753281
47297356845512505346738766406
47297356845512505346738768756
47297356845512505346738768780
47297356845512505346738769500
47297356845512505346740250155
47297356845512505346740250156
34380806144327238083038330093776
34380806144327238083038330093780
34380806144327238083038330093875
34380806144327238083038330097506
34380806144327238083038330097530
34380806144327238083038330097655
34380806144327238083038330159380
34380806144327238083038330159381
34380806144327238083038330159405
34380806144327238083038330171881
34380806144327238083038330172025
34380806144327238083038330172500
34380806144327238083038330172526
34380806144327238083038330172530
34380806144327238182226855484375
34380806144327238182257324610001
34380806144327238182257324610005
34380806144327238182257324610031
34380806144327238182257324610155
34380806144327238182257324613151
34380806144327238182257324613155
34380806144327238182258545015780
34380806144327238182989562593905
34380806144327238182989562593906
34380806144327238182989562596900
34380806144327238182990725093755
34380806144327238182990725093756
34380806144327238182990725093780
34380806610032916642005625485001
34380806610032916642005625485005
34380806610032916642005625485031
34380806610032916664892873534500
34380806610032916664892873534505
34380806610032916664892873534526
34380806610032916664892873535156
34380806610032916664894055078751
34380806610032916664894055078755
34380806610032916664894055078781
34380806610032916664894055159376
34380806610032916664894055160150
34380806610032916664894055160156
34380806610032916664894091815656
34380806610032916664894091815755
34380806610032916664894091815756
34380806610032916664894091816376
34380806610032916664894091816400
34380806610032916664894092187525
34380806610032916664894092188256
34380806610032916664894092188275
34380806610032916664894092188280
34380806610032916664894092190630
34380806611143413182068164468901
34380806611143413182068164472006
34380806611143413182069396875006
34380806611144614792060556640655
34380806611144614792060556640775
34380806611144614792060556718751
34380806611144614792060556718775
34380806611144614792060556718901
34380806611144614792060556718905
34380806611144614792060556719400
34380806611144614792060556719505
34380806611144614792060556721901
35481574041770410541540773828875
35481574041770410541540783203251
35481574041770410541540783222005
35481574041770410541540783222031
35481574041770410541540783222655
35481574041770410541540783222656
35481574041770410541540783675631
35481574041770410541540783690751
35481574041770410541540783690755
35481574041770410541540783690781
35481574041770410542297421972030
35481574041770410542297421972506
35481574041770410542297422269375
35481574041770410542297422269380
35481574041770410542297422269401
35481574041770410542298584000000
35481574041770410542298584000126
35481574041770410542298584000130
35481574041770410542298584000156
35481574041770410542298584078130
35481574041770410542298584078156
35481574041770410542298584078250
35481574041770410653083791032031
35481574041770410653083791034376
35481574041770410653083791034380
35481574041770410653083791034406
35481574041770410653083791503880
35481574041770411129151906328125
35481574041770411129151906328156
35481574041770411129151906328281
35481574041770411129187314453151
35481574041770411129187314453155
35481574041770411129187314453250
35481574041770411129187314471880
35481574041770411133764902344381
35481574041770411133764902344405
35481574041770411133764902363125
35481574041770411133764902422501
35481574041807963962708996097006
35481574041807963962708996109400
35481574041807963962708996110131
35481574041807963962708996110155
35481574041807963962708996581875
35481574041807963962708996581881
35481574041807963962708996581900
35481574041807963962709033297501
35481574041807964443207041096875
35481574041807964443207041096901
35481574041807964443207041096905
35481574041807964443391406659500
35481574041807964443391406659531
35481574041807964443391406660005
3723300396935082974456941164078276
3723300396935082974456941164078280
3723300396935082974456941164157000
3723300396935082974456941164157026
3723300396935082974456941164157030
3723300396935082974456941212968905
3723300396935082974456941212969381
3723300396935082974456941212988255
3723300396935082974456941212988281
3723300396935082974456941213375626
3723300396935082974456941213378281
3723300396935082974456970224703130
3723300396935082974456970227050000
3723300396935082974456970227050026
3723300396935082974456970263672526
3723300396935082974456970263672530
3723300396935082974456970263672625
3723300396935082974456970263675031
3723300396935083281997863818375125
3723300396935083281997863818378256
3723300396935083281997863818378275
3723300396935083281997863818378280
3723300396935083282089265146878125
3723300396935083282089387255940750
3723300396935083282089387255940776
3723300396935083282089392333984406
3723300396935083282089392333984505
3723300396935083282089392333984506
3723300396935083282089392333985000
3723300396935083282089392333985126
3723300396935083282089392333985150
3723300396935083282089392334063126
3723300396935083282089392334063130
3723300396935083282089392334063156
3723300396935084774974829346097626
3723300396935084774974829346113151
3723300396935084774974829346113250
3723300396935084774974829346113256
3723300396935084774974829346172026
3723300396935084774974829346172030
3723300396935084774975738525796880
3723300396935084774975738525796906
3723300396935084774975738525797000
3723300396935084774975738525875650
3723300396935084774975738535238251
3723300396935084774975738535238275
3723300396935084774975776621093750
3723300396935084774975776621093755
3723300396935084774975776621093776
3723300396936051559467316904300751
3723300396936051559467316904300755
3723300396936051559467316904312500
3723300396936051559467316904312625
3723300396936051559467316904312631
3723300396936051559467316904312650
3723300396936051559467316904706375
3723300396936051559467316904706400
3723300396936051559467505126956256
3723300396936051559467505126956280
3723300396936051559467505126956405
3723300396936051559467505127437626
3723300396936051559467505127437630
3723300396936051559467505127437656
3723300396936051559467505128906250
3723300396936051559467505128906276
3723300396936051559467505128907006
3723300396936051559467505129003275
3723300396936051559467505176191376
3723300396936051559467505176191400
3723300396936051559467506348128131
3723300396936051559467506348128150
3723300396936051559467506348128155
3723300396936051559467506348128875
3723300396936051857495154062578776
3723300396936051857495154062597001
3723300396936051857495154062597025
3723300396936051857495301818765631
3723300396936051857495301818765650
3723300396936051857495301818765655
3723300396936051857495301818766375
3723300396936051857495307629296906
3723300396936051857495307629297625
3723300396936051857495307629297631
3723300396936051857495307629297650
3723300396936051857495307629316255
3723300396936051857495307629316256
3723300396936051857495307629316280
3723300396936051857495307629375625
3723300396936051857495307629378256
3723300396936051857495307912109530
3723300396936051857495307912109531
3723300396936051857495307912203256
3723300396936051857495307912203275
3723300396936051857495307912203280
3723300396936051857495307912206901
3723300396936051857495307912207000
3723300396936051857495307912207006
3723300396936051857571411377362630
3723300396936051857571411377362656
3723300396936051857571411378922000
3723300396936051857571564015718780
3723300396936051857571564016015656
3723300396936051857571564016015755
3723300396936051857571564016015756
3723300396936051857571564016016250
3723300396936051857571564016016376
3723300396936051857571564016016400
3723300396936051857571564016094376
3723300396936051857571564016094380
3723300396936051857571564016094406
3723300396936051857571565197672006
3723300396936051857571565197672025
3723300396936051857571565197672030
3723300396936051857589912121488250
3723300396936053335666662902343876
3723300396936053335666662902437500
3723300396936053335666662902438125
3723300396936053335666662902438130
3723300396936053335666662902438151
3723300396936053335686683593753131
3723300396936053335686683593753275
3723300396936053335686683593844400
3723300396936053335686683593844500
3723300396936053335686683593844505
3723300396936053335686683594218881
3723300396936053335686683604000655
3723300396936053335686683644921881
3723300396936053335686683644922505
3723300396936053335686683644922506
3723300396936053335686683644922530
3723300396936053335686683644941250
3723300396936053335689546152813250
3723300396936053336239051769550000
3723300396936053336239051769921875
3723300396936053336239051769922000
3723300396936053336239051769922006
3723300396936053336239051769922025
3723300396936053336239051770019525
3723300396936053336239051770019530
3723300396936053338150030519531881
3723300396936053338150030520003125
3723300396936053338150030520003151
3723300396936053338150030820800125
3723300396936053338150030820800131
3723300396936053338150061044925781
3723300396936053338150787599690650
3723300396936053338150787599690750
3723300396936053338150787599691380
3723300396936053338150787599691400
3723300396936053338150787599691406
3723300396936053338150787599703775
3723300396936053338150787599703875
3723300396936053338150787599703880
3723300396936053338150787600097505
3723300396936053338150787600097531
3723300396936053338150825439937501
3723300397420534803871954650859375
3723300397420534803871954650859380
3723300397420534803871954650859401
3723300397420534803871954650860130
3723300397420534803871954650860131
3723300397420534803871955812985001
3723300397420534803871955812985005
3723300397420534803871955812985031
3723300397420534803871955861346900
3723300397420534803871955871094401
3723300397420534803871955871094405
3723300397420534803871955871113275
3723300397518128159047088683987650
3723300397518128159047088877360000
3723300397518128159047088877360031
3723300397518128159047088877440625
3723300397518128159047096193375005
3723300397518128159047096193375031
3723300397518128159047096193375125
3723300397518128159047096193768755
3723300397518128159047096193768775
3723300397518128159047096193768781
3723300397518128159047096193769406
3723300397518128159047096193769501
3723300397518128159047096193769505
3723300397518128159047119433675656
3723300397518128159047119435938151
3723300397518128159047119435938256
3723300397518128159047119435941400
3723300397518128159070007324218775
3723300397518128159070007324218780
3723300397518128159070007324218880
3723300397518128159070007324219375
3723300397518128159070007324219500
3723300397518128159070007324238250
3723300397518128159070007324687531
3723300397518128159070007324687626
3723300397518128159070007324687630
3723300397518128159070007324691256
3723300397518128159070007324691275
3723300397518128159070007324691280
3723300397518128159070007324706256
3723300397518128159070007334453781
3723300397518128159070007334456875
3723300397518128159070007375410000
3723300397518128159146124267660005
3723300397518128159146124267660151
3723300397518128455185095265640750
3723300397518128455185095265640755
3723300397518128455185095266113150
3723300397518128455185095275394500
3723300397518128455185095275394505
3723300397518128455185095275394526
3723300397518128455185095275875756
3723300397518128455185096437597005
3723300397518128455185096437597025
3723300397518128455185096437597031
3723300397518128455185096437597656
3723300397518137397885139455472005
3723300397518137397885139455472006
3723300397518137467003639162578756
3723300397518137467003639162578775
3723300397518137467003639162578780
3723300397518137467003639162597626
3723300397518137467003639162597630
3723300397518137467003639162597656
3723300414882639350891271972753750
3723300414882639350891271972753781
3723300414882825624946753185628281
3723300414882825624946753185640755
3723300414882825624946753185640756
3723300414882825624946753185640780
3723300414882825624946753185641400
3723300414882825625061798105860030
3723300414882825625061798105878906
3723300414882825625061798351563155
3723300414882825625061798351563156
3723300414882825625061798351581875
3723300414882825625061798351581900
3723300414882825625061798351582025
3723300414882825625061798352034500
3723300414882825625061798352034531
3723300414882825625061798352047625
3723300414882825625061798352047650
3723300414882825625061799609769525
3723300414882825625061805469143756
3723300414882825625061987363297625
3723300414882825625061987363297631
3723300414882825625061987363691255
3723300414882825625061987363691375
3723300414882825625061987365237500
3723300414882825625061987365238275
3723300414882825625061987551250656
3723300414882825625538787841800781
3723300414882825625538818359859405
3723300414882825625538818359859525
3723300414882825625538818359860001
3723300414882825625538818361812506
3723300414882825625538818361813125
3723300414882825625538818361813151
3723300414882825625538818361813155
3723300414882825625538819639062525
3723300414882825673107183898831275
3723300414882825673107183898831401
3723300414882825673107183898832001
3723300414882825673107183898832005
3723300414882825673107183898910005
3723300414882825673107183898910130
3723300414882825673107185060940625
3723300414882825673107299806722000
3723300414882825673107299806722006
3723300414882825673107299854000131
3723300414882825673107299854000626
3723300414882825673107299854000630
3723300414882825673107299854000656
3723300414882825673107299854000780
3723300414882825673107300107438125
3723300414882825673107300107438151
3723300414882825673107300107438155
3723300414882825673107300107440626
3723300414882825673107300107440630
3723300414882825673107300107440656
3723300414882825673107300107441275
3723300414882825673107300107503755
3723300414882825673107300107503756
3723300414882825673107300107813155
3723300414882825673107307179687525
3723300414882825673107307179687625
3723300414882825673107307179706255
3723300414882825673107307179765630
3723300414882825673107307179765631
3723300414882825673107307179766251
3723300414882825673107307179766275
3723300414882825673126228271893900
3723300414882825673126228281657031
3723300414882825675510407775406275
3723300414882825675510407775407001
3723300414882825675510407775407005
3723300414999023380856360119141380
3723300414999023380856360119159375
3723300414999023380856360119159401
3723300414999023380856360119159525
3723300414999023380856360119625125
3723300414999023380856360119625151
3723300414999023380856512500391255
3723300414999023380856512500393756
3723300414999023380856512500394380
3723300414999023380856512500394381
3723300414999023380856512500394405
3723300414999023380856512500472500
3723300414999023380856512502047030
3723300414999023380856512502047506
3723300414999023380856512502047626
3723300414999024570465089416031376
3723300414999024570465089416031380
3723300414999024570465089416031406
3723300414999024570465850840250001
3723300414999024570465850840250125
3723300414999024570465850840250151
3723300414999024570465850840250155
3723300414999024570465850841797630
3723300414999024570465850841797656
3723300414999024570465851084378130
3723300414999024570465851084378250
3723300414999024570465851085953125
3723300414999024570465851085953130
3723300414999024570465851086422501
3723300414999024570465851086422525
3723300414999024570469855957125000
3723300414999024570469855957125025
3723300414999024570469856201187630
3723300414999024570469856201187631
3723300414999024570469856201187655
3723300414999024570469856201253250
3723300414999024570469856201253276
3723300414999024570469856213281251
3723300414999024570469856213281255
3723300414999024570469856213281281
3723300414999024570469856213300775
3723300414999024570469856213300781
3723300414999024570469856252031250
3723300414999024570469856252031255
3723300414999024570469856252031276
3723300414999024570469856252035000
3723300414999024570485107432125006
3723300414999024570485107432125030
3723300414999024570485108701188130
3723300414999024570485108701188156
3723300414999024570485108701188250
3723300414999024570561378234391275
3723300414999024570561378234768780
3723300414999024570561378234768781
3723300414999024570561378234769375
3723300414999024570561378234769380
3723300414999024570561378234769506
3723300414999024570561378234862656
3723300414999024570561408740703126
3723300414999024570561408740703130
3723300414999024570561408740703255
3723300414999024570561408740703256
3723300414999024570561408740703280
3723300414999024570561408740722000
3723300414999024570565039357831900
3723300414999024570565069873141405
3723300414999024570565069873143756
3723300414999024570565069873143775
3723300414999024570565069873143780
3723300414999024570565069873144500
3723300414999024570565069875484401
3723300414999024570565069875484405
3723300414999024572391510009785025
3723300414999024572391510009785031
3723300414999024572391510010237650
3723300414999024572391510254000025
3723300414999024572391510254000031
3723300414999024572391510254000751
3723300414999024572391510254000755
3723300414999024572391510254000781
3723300414999024572391517394612625
3723300414999024572391517394612650
3723300414999024572391541806735000
3723300414999024572392304982812631
3723300414999024572392304982813126
3723300414999024572392304982813130
3723300414999024572392304990237500
3723300414999024572392304990237505
3723300414999024572392304990238280
3723300414999024572392304990250631
3723300414999024572392304990253276
3723300414999024572392304990703150
3723300414999024572392304990703876
3723300414999024572392304990703880
3723300414999024572392304990703906
3723300414999024572392304990706256
3723300414999024572392304992188150
3723300414999024572392304992188276
3723300414999024572392304992206255
3723300414999024572392304992206375
3723300414999024572963745166031380
3723300414999024572963745166031406
3723300414999024572963745166031875
3723300414999024572963745166031901
3723300414999024572963745166031905
3723300414999024572963745166032030
3723300414999024572963745166032031
3723300414999024572964508312593756
3723300414999024582023811086344375
3723300414999024582023811086406250
3723300414999024582023811086406255
3723300414999024582023811086425750
3723300414999024582023811086425776
3723300414999024582023811086425780
3723300414999052885055731203141381
3723300414999052885056311047265625
3723300414999052885056311047265656
3723300414999052956680457765643875
3723300414999052956680457765643906
3723300414999052956680457765703251
3723300414999052956680457765703275
3723300414999052956680457765721881
3723300414999052956680457765721900
3723300414999052956680457765721905
3723300414999052956680457765722625
3723300414999052956680457814531375
