243
244
59049
59292
14348907
14349150
14407956
3486784401
3486784644
3486843450
3501133308
847288609443
847288609686
847288668492
847302958350
850775393844
205891132094649
205891132094892
205891132153698
205891146443556
205894618879050
206738420704092
50031545098999707
50031545098999950
50031545099058756
50031545113348614
50031548585784108
50032392387609150
50237436231094356
12157665459056928801
12157665459056929044
12157665459056987850
12157665459071277708
12157665462543713202
12157666306345538244
12157871350189023450
12207697004155928508
2954312706550833698643
2954312706550833698886
2954312706550833757692
2954312706550848047550
2954312706554320483044
2954312707398122308086
2954312912441965793292
2954362738095932698350
2966470372009890627444
717897987691852588770249
717897987691852588770492
717897987691852588829298
717897987691852603119156
717897987691856075554650
717897987692699877379692
717897987897743720864898
717898037723397687769956
717910145357311645699050
720852300398403422468892
174449211009120179071170507
174449211009120179071170750
174449211009120179071229556
174449211009120179085519414
174449211009120182557954908
174449211009121026359779950
174449211009326070203265156
174449211059151724170170214
174449223166785638128099308
174452165321826729904869150
175167108996812031659940756
42391158275216203514294433201
42391158275216203514294433444
42391158275216203514294492250
42391158275216203514308782108
42391158275216203517781217602
42391158275216204361583042644
42391158275216409405426527850
42391158275266235059393432908
42391158287373868973351362002
42391161229528910065128131844
42391876173203895366883203450
42565607486225323693365603708
10301051460877537453973547267843
10301051460877537453973547268086
10301051460877537453973547326892
10301051460877537453973561616750
10301051460877537453977034052244
10301051460877537454820835877286
10301051460877537659864679362492
10301051460877587485518646267550
10301051460889695119432604196644
10301051463831850160524380966486
10301052178775525145826136038092
10301225910088546574152618438350
10343442619152753657487841701044
2503155504993241601315571986085849
2503155504993241601315571986086092
2503155504993241601315571986144898
2503155504993241601315572000434756
2503155504993241601315575472870250
2503155504993241601316419274695292
2503155504993241601521463118180498
2503155504993241651347117085085556
2503155504993253758981031043014650
2503155504996195914022122819784492
2503155505711139589007424574856098
2503155679442452610435751057256356
2503197896151516817519086280519050
2513456556454119138769545533353692
608266787713357709119683992618861307
608266787713357709119683992618861550
608266787713357709119683992618920356
608266787713357709119683992633210214
608266787713357709119683996105645708
608266787713357709119684839907470750
608266787713357709119889883750955956
608266787713357709169715537717861014
608266787713357721277349451675790108
608266787713360663432390543452559950
608266787714075607107375845207631556
608266787887806920128804171690031814
608266830104515984335887506913294508
608277088764818586657137966166129150
610769943218350950720999564604947156
147808829414345923316083210206383297601
147808829414345923316083210206383297844
147808829414345923316083210206383356650
147808829414345923316083210206397646508
147808829414345923316083210209870082002
147808829414345923316083211053671907044
147808829414345923316083416097515392250
147808829414345923316133241751482297308
147808829414345923328240875665440226402
147808829414345926270395916757216996244
147808829414346641214070902058972067850
147808829414520372527092330385454468108
147808829456737081591299413720677730802
147808839715397384193620664179930565444
147811332569850916557684525778369383450
148417096202059281025202894199002158908
