36
252
9072
1679616
62200476
62201520
62434800
435309552
15239155968
15670863936
15670865484
15671151900
15671152944
2836349063424
629110050910704
629110050949836
629110050956316
629110050957360
629110111376880
5553707506804723968
5554333858505969664
5554333858507649280
5554333858568170140
5554333858568171184
5554333858568404464
5554333858941279216
5554333869401638656
5554333871568343296
36874873931879063874204
36874873931879063875248
36874873931879064108528
36874873931890308848640
36874873931892495755328
36874873931892495756876
36874873931892496043292
36874873931892496044336
1766830106164450214959644672
443528261847520261022788757568
443528261847520261022788759116
443528261847520261022789045532
443528261847520261022789046576
13751133838987590376070074859520
13751133838987725654483447886320
13751133838987725654483447925452
13751133838987725654483447931932
13751133838987725654483447932976
13751133838987725654483457964016
13751133838987725656847443580912
13751133838987725656847502125120
13751133838987725656847502126668
13751133838987725656847502413084
13751133838987725656847502414128
13751143162136708631731754316272
13751143162136708631731754355404
13751143162136708631731754361884
13751143162136708631731754362928
13751143162136708632201636735644
13751143162136708632201636736688
13751143162136708632201636969968
13751143162136708632212881710080
13751143162136708635033991617536
