784
813
21952
21980
21981
22765
614656
614684
614685
615440
615469
637421
17210368
17210396
17210397
17211152
17211181
17232320
17233133
17847789
481890304
481890332
481890333
481891088
481891117
481912256
481913069
482504960
482527725
499738093
13492928512
13492928540
13492928541
13492929296
13492929325
13492950464
13492951277
13493543168
13493565933
13510138880
13510776301
13992666605
377801998336
377801998364
377801998365
377801999120
377801999149
377802020288
377802021101
377802612992
377802635757
377819208704
377819846125
378283888640
378301736429
391794664941
10578455953408
10578455953436
10578455953437
10578455954192
10578455954221
10578455975360
10578455976173
10578456568064
10578456590829
10578473163776
10578473801197
10578937843712
10578955691501
10591948881920
10592448620013
10970250618349
296196766695424
296196766695452
296196766695453
296196766696208
296196766696237
296196766717376
296196766718189
296196767310080
296196767332845
296196783905792
296196784543213
296197248585728
296197266433517
296210259623936
296210759362029
296574568693760
296588561360365
307167017313773
8293509467471872
8293509467471900
8293509467471901
8293509467472656
8293509467472685
8293509467493824
8293509467494637
8293509468086528
8293509468109293
8293509484682240
8293509485319661
8293509949362176
8293509967209965
8293522960400384
8293523460138477
8293887269470208
8293901262136813
8304087923425280
8304479718090221
8600676484785645
232218265089212416
232218265089212444
232218265089212445
232218265089213200
232218265089213229
232218265089234368
232218265089235181
232218265089827072
232218265089849837
232218265106422784
232218265107060205
232218265571102720
232218265588950509
232218278582140928
232218279081879021
232218642891210752
232218656883877357
232228843545165824
232229235339830765
232514461855907840
232525432106526189
240818941573998061
6502111422497947648
6502111422497947676
6502111422497947677
6502111422497948432
6502111422497948461
6502111422497969600
6502111422497970413
6502111422498562304
6502111422498585069
6502111422515158016
6502111422515795437
6502111422979837952
6502111422997685741
6502111435990876160
6502111436490614253
6502111800299945984
6502111814292612589
6502122000953901056
6502122392748565997
6502407619264643072
6502418589515261421
6510404931965419520
6510712098982733293
6742930364071945709
182059119829942534144
182059119829942534172
182059119829942534173
182059119829942534928
182059119829942534957
182059119829942556096
182059119829942556909
182059119829943148800
182059119829943171565
182059119829959744512
182059119829960381933
182059119830424424448
182059119830442272237
182059119843435462656
182059119843935200749
182059120207744532480
182059120221737199085
182059130408398487552
182059130800193152493
182059416026709229568
182059426996959847917
182067413339410006016
182067720506427319789
182291338095031746560
182299938771516532205
188802050194014479853
5097655355238390956032
5097655355238390956060
5097655355238390956061
5097655355238390956816
5097655355238390956845
5097655355238390977984
5097655355238390978797
5097655355238391570688
5097655355238391593453
5097655355238408166400
5097655355238408803821
5097655355238872846336
5097655355238890694125
5097655355251883884544
5097655355252383622637
5097655355616192954368
5097655355630185620973
5097655365816846909440
5097655366208641574381
5097655651435157651456
5097655662405408269805
5097663648747858427904
5097663955914875741677
5097887573503480168448
5097896174179964954093
5104157466660888903680
5104398285602462901741
5286457405432405435885
142734349946674946768896
142734349946674946768924
142734349946674946768925
142734349946674946769680
142734349946674946769709
142734349946674946790848
142734349946674946791661
142734349946674947383552
142734349946674947406317
142734349946674963979264
142734349946674964616685
142734349946675428659200
142734349946675446506989
142734349946688439697408
142734349946688939435501
142734349947052748767232
142734349947066741433837
142734349957253402722304
142734349957645197387245
142734350242871713464320
142734350253841964082669
142734358240184414240768
142734358547351431554541
142734582164940035981312
142734590765616520766957
142740852058097444716544
142741092877039018714605
142916409066504889303040
142923151996868961248749
148020807352107352204781
3996561798506898509529088
3996561798506898509529116
3996561798506898509529117
3996561798506898509529872
3996561798506898509529901
3996561798506898509551040
3996561798506898509551853
3996561798506898510143744
3996561798506898510166509
3996561798506898526739456
3996561798506898527376877
3996561798506898991419392
3996561798506899009267181
3996561798506912002457600
3996561798506912502195693
3996561798507276311527424
3996561798507290304194029
3996561798517476965482496
3996561798517868760147437
3996561798803095276224512
3996561798814065526842861
3996561806800407977000960
3996561807107574994314733
3996562030725163598741504
3996562039325840083527149
3996568300618321007476736
3996568541437262581474797
3996743857626728452063232
3996750600557092524008941
4001659453862136900485120
4001848255912330914964973
4144582605859005861733869
111903730358193158266814464
111903730358193158266814492
111903730358193158266814493
111903730358193158266815248
111903730358193158266815277
111903730358193158266836416
111903730358193158266837229
111903730358193158267429120
111903730358193158267451885
111903730358193158284024832
111903730358193158284662253
111903730358193158748704768
111903730358193158766552557
111903730358193171759742976
111903730358193172259481069
111903730358193536068812800
111903730358193550061479405
111903730358203736722767872
111903730358204128517432813
111903730358489355033509888
111903730358500325284128237
111903730366486667734286336
111903730366793834751600109
111903730590411423356026880
111903730599012099840812525
111903736860304580764762112
111903737101123522338760173
111903912417312988209348608
111903919160243352281294317
111908828013548396657770496
111909016815598590672250349
112046464708139833213583360
112051751165545265619019245
116048312964052164128548333
3133304450029408431470804992
3133304450029408431470805020
3133304450029408431470805021
3133304450029408431470805776
3133304450029408431470805805
3133304450029408431470826944
3133304450029408431470827757
3133304450029408431471419648
3133304450029408431471442413
3133304450029408431488015360
3133304450029408431488652781
3133304450029408431952695296
3133304450029408431970543085
3133304450029408444963733504
3133304450029408445463471597
3133304450029408809272803328
3133304450029408823265469933
3133304450029419009926758400
3133304450029419401721423341
3133304450029704628237500416
3133304450029715598488118765
3133304450037701940938276864
3133304450038009107955590637
3133304450261626696560017408
3133304450270227373044803053
3133304456531519853968752640
3133304456772338795542750701
3133304632088528261413339136
3133304638831458625485284845
3133309547684763669861761024
3133309736486813863876240877
3133447184379355106417573888
3133452470836760538823009773
3137301011827915329980334080
3137449032635267437332538861
3249352762993460595599353325
87732524600823436081182539776
87732524600823436081182539804
87732524600823436081182539805
87732524600823436081182540560
87732524600823436081182540589
87732524600823436081182561728
87732524600823436081182562541
87732524600823436081183154432
87732524600823436081183177197
87732524600823436081199750144
87732524600823436081200387565
87732524600823436081664430080
87732524600823436081682277869
87732524600823436094675468288
87732524600823436095175206381
87732524600823436458984538112
87732524600823436472977204717
87732524600823446659638493184
87732524600823447051433158125
87732524600823732277949235200
87732524600823743248199853549
87732524600831729590650011648
87732524600832036757667325421
87732524601055654346271752192
87732524601064255022756537837
87732524607325547503680487424
87732524607566366445254485485
87732524782882555911125073920
87732524789625486275197019629
87732529698478791319573495808
87732529887280841513587975661
87732667335173382756129308672
87732672621630788188534744557
87736521162621942979692068864
87736669183429295087044273645
87844428331181629239449354240
87848572913787488245311088109
90981877363816896676781893101
2456510688823056210273111113728
2456510688823056210273111113756
2456510688823056210273111113757
2456510688823056210273111114512
2456510688823056210273111114541
2456510688823056210273111135680
2456510688823056210273111136493
2456510688823056210273111728384
2456510688823056210273111751149
2456510688823056210273128324096
2456510688823056210273128961517
2456510688823056210273593004032
2456510688823056210273610851821
2456510688823056210286604042240
2456510688823056210287103780333
2456510688823056210650913112064
2456510688823056210664905778669
2456510688823056220851567067136
2456510688823056221243361732077
2456510688823056506469877809152
2456510688823056517440128427501
2456510688823064503782578585600
2456510688823064810949595899373
2456510688823288428538200326144
2456510688823297029214685111789
2456510688829558321695609061376
2456510688829799140637183059437
2456510689005115330103053647872
2456510689011858260467125593581
2456510693920711565511502069760
2456510694109513615705516549613
2456510831557406156948057882624
2456510836843863562380463318509
2456514685384854717171620642816
2456514833405662069278972847597
2456622592553414403431377928192
2456626737136020262437239662061
2459643993273085618704581918720
2459760041586049670868710467053
2547492566186873106949893006829
68782299287045573887647111184384
68782299287045573887647111184412
68782299287045573887647111184413
68782299287045573887647111185168
68782299287045573887647111185197
68782299287045573887647111206336
68782299287045573887647111207149
68782299287045573887647111799040
68782299287045573887647111821805
68782299287045573887647128394752
68782299287045573887647129032173
68782299287045573887647593074688
68782299287045573887647610922477
68782299287045573887660604112896
68782299287045573887661103850989
68782299287045573888024913182720
68782299287045573888038905849325
68782299287045573898225567137792
68782299287045573898617361802733
68782299287045574183843877879808
68782299287045574194814128498157
68782299287045582181156578656256
68782299287045582488323595970029
68782299287045806105912200396800
68782299287045814706588685182445
68782299287052075999069609132032
68782299287052316818011183130093
68782299287227633007477053718528
68782299287234375937841125664237
68782299292143229242885502140416
68782299292332031293079516620269
68782299429779923834322057953280
68782299435066381239754463389165
68782303283607372394545620713472
68782303431628179746652972918253
68782411190775932080805377998848
68782415335358537939811239732717
68785432591495603296078581989376
68785548639808567348242710537709
68870031811646397323728293724160
68873281164409390784323893077485
71329791853232446994597004191213
1925904380037276068854119113162752
1925904380037276068854119113162780
1925904380037276068854119113162781
1925904380037276068854119113163536
1925904380037276068854119113163565
1925904380037276068854119113184704
1925904380037276068854119113185517
1925904380037276068854119113777408
1925904380037276068854119113800173
1925904380037276068854119130373120
1925904380037276068854119131010541
1925904380037276068854119595053056
1925904380037276068854119612900845
1925904380037276068854132606091264
1925904380037276068854133105829357
1925904380037276068854496915161088
1925904380037276068854510907827693
1925904380037276068864697569116160
1925904380037276068865089363781101
1925904380037276069150315879858176
1925904380037276069161286130476525
1925904380037276077147628580634624
1925904380037276077454795597948397
1925904380037276301072384202375168
1925904380037276309673060687160813
1925904380037282570965541611110400
1925904380037282811784483185108461
1925904380037458127973949055696896
1925904380037464870904313127642605
1925904380042373724209357504118784
1925904380042562526259551518598637
1925904380180010418800794059931648
1925904380185296876206226465367533
1925904384033837867361017622691840
1925904384181858674713124974896621
1925904491941006427047277379977216
1925904496085589032906283241711085
1925907513341726098262550583967744
1925907629390039062314714712516077
1925992112561876892290200295702528
1925995361914639885750795895055853
1928360890726099125064392224276480
1928451872603462941961069006169581
1997234171890508515848716117353965
53925322641043729927915335168557056
53925322641043729927915335168557084
53925322641043729927915335168557085
53925322641043729927915335168557840
53925322641043729927915335168557869
53925322641043729927915335168579008
53925322641043729927915335168579821
53925322641043729927915335169171712
53925322641043729927915335169194477
53925322641043729927915335185767424
53925322641043729927915335186404845
53925322641043729927915335650447360
53925322641043729927915335668295149
53925322641043729927915348661485568
53925322641043729927915349161223661
53925322641043729927915712970555392
53925322641043729927915726963221997
53925322641043729927925913624510464
53925322641043729927926305419175405
53925322641043729928211531935252480
53925322641043729928222502185870829
53925322641043729936208844636028928
53925322641043729936516011653342701
53925322641043730160133600257769472
53925322641043730168734276742555117
53925322641043736430026757666504704
53925322641043736670845699240502765
53925322641043911987035165111091200
53925322641043918729965529183036909
53925322641048827583270573559513088
53925322641049016385320767573992941
53925322641186464277862010115325952
53925322641191750735267442520761837
53925322645040291726422233678086144
53925322645188312533774341030290925
53925322752947460286108493435371520
53925322757092042891967499297105389
53925325774348179957323766639362048
53925325890396492921375930767910381
53925410373568330751351416351096832
53925413622921093744812011950450157
53927779151732552984125608279670784
53927870133609916801022285061563885
53994104940330775501802982279741440
53996652432896962374909932172748269
55922556812934238443764051285911021
1509909033949224437981629384719597568
1509909033949224437981629384719597596
1509909033949224437981629384719597597
1509909033949224437981629384719598352
1509909033949224437981629384719598381
1509909033949224437981629384719619520
1509909033949224437981629384719620333
1509909033949224437981629384720212224
1509909033949224437981629384720234989
1509909033949224437981629384736807936
1509909033949224437981629384737445357
1509909033949224437981629385201487872
1509909033949224437981629385219335661
1509909033949224437981629398212526080
1509909033949224437981629398712264173
1509909033949224437981629762521595904
1509909033949224437981629776514262509
1509909033949224437981639963175550976
1509909033949224437981640354970215917
1509909033949224437981925581486292992
1509909033949224437981936551736911341
1509909033949224437989922894187069440
1509909033949224437990230061204383213
1509909033949224438213847649808809984
1509909033949224438222448326293595629
1509909033949224444483740807217545216
1509909033949224444724559748791543277
1509909033949224620040749214662131712
1509909033949224626783679578734077421
1509909033949229535636984623110553600
1509909033949229724439034817125033453
1509909033949367172331576059666366464
1509909033949372458788981492071802349
1509909033953220999780136283229126656
1509909033953369020587488390581331437
1509909034061128168339822542986412032
1509909034065272750945681548848145901
1509909037082528888011037816190402560
1509909037198577200975089980318950893
1509909121681749038805065465902137344
1509909124931101801798526061501490669
1509911490459913261037839657830711296
1509911581441790624854736334612604397
1509977816248511483555517031830781952
1509980363741077670428623981723788781
1511834938329261714050483503832760320
1511906268121114946497478100836951533
1565831590762158676425393436005508589
42277452950578284263485622772148731904
42277452950578284263485622772148731932
42277452950578284263485622772148731933
42277452950578284263485622772148732688
42277452950578284263485622772148732717
42277452950578284263485622772148753856
42277452950578284263485622772148754669
42277452950578284263485622772149346560
42277452950578284263485622772149369325
42277452950578284263485622772165942272
42277452950578284263485622772166579693
42277452950578284263485622772630622208
42277452950578284263485622772648469997
42277452950578284263485622785641660416
42277452950578284263485622786141398509
42277452950578284263485623149950730240
42277452950578284263485623163943396845
42277452950578284263485633350604685312
42277452950578284263485633742399350253
42277452950578284263485918968915427328
42277452950578284263485929939166045677
42277452950578284263493916281616203776
42277452950578284263494223448633517549
42277452950578284263717841037237944320
42277452950578284263726441713722729965
42277452950578284269987734194646679552
42277452950578284270228553136220677613
42277452950578284445544742602091266048
42277452950578284452287672966163211757
42277452950578289361140978010539687936
42277452950578289549943028204554167789
42277452950578426997835569447095500800
42277452950578432284292974879500936685
42277452950582280825284129670658260992
42277452950582428846091481778010465773
42277452950690187993843815930415546368
42277452950694332576449674936277280237
42277452953711588713515031203619536896
42277452953827637026479083367748085229
42277453038310808864309058853331271680
42277453041560161627302519448930625005
42277455407088973086541833045259845632
42277455498070850450358729722041738733
42277521732877571309059510419259916288
42277524280370137495932617369152923117
42279378854958321539554476891261894656
42279450184750174772001471488266085869
42331378273219327993413538107317288960
42333375507391218501929386823434642925
43843284541340442939911016208154240493
