36
43
216
222
223
259
1296
1302
1303
1332
1339
1555
7776
7782
7783
7812
7819
7992
8035
9331
46656
46662
46663
46692
46699
46872
46915
47952
48211
55987
279936
279942
279943
279972
279979
280152
280195
281232
281491
287712
289267
335923
1679616
1679622
1679623
1679652
1679659
1679832
1679875
1680912
1681171
1687392
1688947
1726272
1735603
2015539
10077696
10077702
10077703
10077732
10077739
10077912
10077955
10078992
10079251
10085472
10087027
10124352
10133683
10357632
10413619
12093235
60466176
60466182
60466183
60466212
60466219
60466392
60466435
60467472
60467731
60473952
60475507
60512832
60522163
60746112
60802099
62145792
62481715
72559411
362797056
362797062
362797063
362797092
362797099
362797272
362797315
362798352
362798611
362804832
362806387
362843712
362853043
363076992
363132979
364476672
364812595
372874752
374890291
435356467
2176782336
2176782342
2176782343
2176782372
2176782379
2176782552
2176782595
2176783632
2176783891
2176790112
2176791667
2176828992
2176838323
2177062272
2177118259
2178461952
2178797875
2186860032
2188875571
2237248512
2249341747
2612138803
13060694016
13060694022
13060694023
13060694052
13060694059
13060694232
13060694275
13060695312
13060695571
13060701792
13060703347
13060740672
13060750003
13060973952
13061029939
13062373632
13062709555
13070771712
13072787251
13121160192
13133253427
13423491072
13496050483
15672832819
78364164096
78364164102
78364164103
78364164132
78364164139
78364164312
78364164355
78364165392
78364165651
78364171872
78364173427
78364210752
78364220083
78364444032
78364500019
78365843712
78366179635
78374241792
78376257331
78424630272
78436723507
78726961152
78799520563
80540946432
80976302899
94036996915
470184984576
470184984582
470184984583
470184984612
470184984619
470184984792
470184984835
470184985872
470184986131
470184992352
470184993907
470185031232
470185040563
470185264512
470185320499
470186664192
470187000115
470195062272
470197077811
470245450752
470257543987
470547781632
470620341043
472361766912
472797123379
483245678592
485857817395
564221981491
2821109907456
2821109907462
2821109907463
2821109907492
2821109907499
2821109907672
2821109907715
2821109908752
2821109909011
2821109915232
2821109916787
2821109954112
2821109963443
2821110187392
2821110243379
2821111587072
2821111922995
2821119985152
2821122000691
2821170373632
2821182466867
2821472704512
2821545263923
2823286689792
2823722046259
2834170601472
2836782740275
2899474071552
2915146904371
3385331888947
16926659444736
16926659444742
16926659444743
16926659444772
16926659444779
16926659444952
16926659444995
16926659446032
16926659446291
16926659452512
16926659454067
16926659491392
16926659500723
16926659724672
16926659780659
16926661124352
16926661460275
16926669522432
16926671537971
16926719910912
16926732004147
16927022241792
16927094801203
16928836227072
16929271583539
16939720138752
16942332277555
17005023608832
17020696441651
17396844429312
17490881426227
20311991333683
101559956668416
101559956668422
101559956668423
101559956668452
101559956668459
101559956668632
101559956668675
101559956669712
101559956669971
101559956676192
101559956677747
101559956715072
101559956724403
101559956948352
101559957004339
101559958348032
101559958683955
101559966746112
101559968761651
101560017134592
101560029227827
101560319465472
101560392024883
101562133450752
101562568807219
101573017362432
101575629501235
101638320832512
101653993665331
102030141652992
102124178649907
104381066575872
104945288557363
121871948002099
609359740010496
609359740010502
609359740010503
609359740010532
609359740010539
609359740010712
609359740010755
609359740011792
609359740012051
609359740018272
609359740019827
609359740057152
609359740066483
609359740290432
609359740346419
609359741690112
609359742026035
609359750088192
609359752103731
609359800476672
609359812569907
609360102807552
609360175366963
609361916792832
609362352149299
609372800704512
609375412843315
609438104174592
609453777007411
609829924995072
609923961991987
612180849917952
612745071899443
626286399455232
629671731344179
731231688012595
3656158440062976
3656158440062982
3656158440062983
3656158440063012
3656158440063019
3656158440063192
3656158440063235
3656158440064272
3656158440064531
3656158440070752
3656158440072307
3656158440109632
3656158440118963
3656158440342912
3656158440398899
3656158441742592
3656158442078515
3656158450140672
3656158452156211
3656158500529152
3656158512622387
3656158802860032
3656158875419443
3656160616845312
3656161052201779
3656171500756992
3656174112895795
3656236804227072
3656252477059891
3656628625047552
3656722662044467
3658979549970432
3659543771951923
3673085099507712
3676470431396659
3757718396731392
3778030388065075
4387390128075571
21936950640377856
21936950640377862
21936950640377863
21936950640377892
21936950640377899
21936950640378072
21936950640378115
21936950640379152
21936950640379411
21936950640385632
21936950640387187
21936950640424512
21936950640433843
21936950640657792
21936950640713779
21936950642057472
21936950642393395
21936950650455552
21936950652471091
21936950700844032
21936950712937267
21936951003174912
21936951075734323
21936952817160192
21936953252516659
21936963701071872
21936966313210675
21937029004541952
21937044677374771
21937420825362432
21937514862359347
21939771750285312
21940335972266803
21953877299822592
21957262631711539
22038510597046272
22058822588379955
22546310380388352
22668182328390451
26324340768453427
131621703842267136
131621703842267142
131621703842267143
131621703842267172
131621703842267179
131621703842267352
131621703842267395
131621703842268432
131621703842268691
131621703842274912
131621703842276467
131621703842313792
131621703842323123
131621703842547072
131621703842603059
131621703843946752
131621703844282675
131621703852344832
131621703854360371
131621703902733312
131621703914826547
131621704205064192
131621704277623603
131621706019049472
131621706454405939
131621716902961152
131621719515099955
131621782206431232
131621797879264051
131622174027251712
131622268064248627
131624524952174592
131625089174156083
131638630501711872
131642015833600819
131723263798935552
131743575790269235
132231063582277632
132352935530279731
135277862282330112
136009093970342707
157946044610720563
789730223053602816
789730223053602822
789730223053602823
789730223053602852
789730223053602859
789730223053603032
789730223053603075
789730223053604112
789730223053604371
789730223053610592
789730223053612147
789730223053649472
789730223053658803
789730223053882752
789730223053938739
789730223055282432
789730223055618355
789730223063680512
789730223065696051
789730223114068992
789730223126162227
789730223416399872
789730223488959283
789730225230385152
789730225665741619
789730236114296832
789730238726435635
789730301417766912
789730317090599731
789730693238587392
789730787275584307
789733044163510272
789733608385491763
789747149713047552
789750535044936499
789831783010271232
789852095001604915
790339582793613312
790461454741615411
793386381493665792
794117613181678387
811667173693980672
816054563822056243
947676267664323379
4738381338321616896
4738381338321616902
4738381338321616903
4738381338321616932
4738381338321616939
4738381338321617112
4738381338321617155
4738381338321618192
4738381338321618451
4738381338321624672
4738381338321626227
4738381338321663552
4738381338321672883
4738381338321896832
4738381338321952819
4738381338323296512
4738381338323632435
4738381338331694592
4738381338333710131
4738381338382083072
4738381338394176307
4738381338684413952
4738381338756973363
4738381340498399232
4738381340933755699
4738381351382310912
4738381353994449715
4738381416685780992
4738381432358613811
4738381808506601472
4738381902543598387
4738384159431524352
4738384723653505843
4738398264981061632
4738401650312950579
4738482898278285312
4738503210269618995
4738990698061627392
4739112570009629491
4742037496761679872
4742768728449692467
4760318288961994752
4764705679090070323
4870003042163884032
4896327382932337459
5686057605985940275
28430288029929701376
28430288029929701382
28430288029929701383
28430288029929701412
28430288029929701419
28430288029929701592
28430288029929701635
28430288029929702672
28430288029929702931
28430288029929709152
28430288029929710707
28430288029929748032
28430288029929757363
28430288029929981312
28430288029930037299
28430288029931380992
28430288029931716915
28430288029939779072
28430288029941794611
28430288029990167552
28430288030002260787
28430288030292498432
28430288030365057843
28430288032106483712
28430288032541840179
28430288042990395392
28430288045602534195
28430288108293865472
28430288123966698291
28430288500114685952
28430288594151682867
28430290851039608832
28430291415261590323
28430304956589146112
28430308341921035059
28430389589886369792
28430409901877703475
28430897389669711872
28431019261617713971
28433944188369764352
28434675420057776947
28452224980570079232
28456612370698154803
28561909733771968512
28588234074540421939
29220018252983304192
29377964297594024755
34116345635915641651
170581728179578208256
170581728179578208262
170581728179578208263
170581728179578208292
170581728179578208299
170581728179578208472
170581728179578208515
170581728179578209552
170581728179578209811
170581728179578216032
170581728179578217587
170581728179578254912
170581728179578264243
170581728179578488192
170581728179578544179
170581728179579887872
170581728179580223795
170581728179588285952
170581728179590301491
170581728179638674432
170581728179650767667
170581728179941005312
170581728180013564723
170581728181754990592
170581728182190347059
170581728192638902272
170581728195251041075
170581728257942372352
170581728273615205171
170581728649763192832
170581728743800189747
170581731000688115712
170581731564910097203
170581745106237652992
170581748491569541939
170581829739534876672
170581850051526210355
170582337539318218752
170582459411266220851
170585384338018271232
170586115569706283827
170603665130218586112
170608052520346661683
170713349883420475392
170739674224188928819
171371458402631811072
171529404447242531635
175320109517899825152
176267785785564148531
204698073815493849907
1023490369077469249536
1023490369077469249542
1023490369077469249543
1023490369077469249572
1023490369077469249579
1023490369077469249752
1023490369077469249795
1023490369077469250832
1023490369077469251091
1023490369077469257312
1023490369077469258867
1023490369077469296192
1023490369077469305523
1023490369077469529472
1023490369077469585459
1023490369077470929152
1023490369077471265075
1023490369077479327232
1023490369077481342771
1023490369077529715712
1023490369077541808947
1023490369077832046592
1023490369077904606003
1023490369079646031872
1023490369080081388339
1023490369090529943552
1023490369093142082355
1023490369155833413632
1023490369171506246451
1023490369547654234112
1023490369641691231027
1023490371898579156992
1023490372462801138483
1023490386004128694272
1023490389389460583219
1023490470637425917952
1023490490949417251635
1023490978437209260032
1023491100309157262131
1023494025235909312512
1023494756467597325107
1023512306028109627392
1023516693418237702963
1023621990781311516672
1023648315122079970099
1024280099300522852352
1024438045345133572915
1028228750415790866432
1029176426683455189811
1051920657107398950912
1057606714713384891187
1228188442892963099443
6140942214464815497216
6140942214464815497222
6140942214464815497223
6140942214464815497252
6140942214464815497259
6140942214464815497432
6140942214464815497475
6140942214464815498512
6140942214464815498771
6140942214464815504992
6140942214464815506547
6140942214464815543872
6140942214464815553203
6140942214464815777152
6140942214464815833139
6140942214464817176832
6140942214464817512755
6140942214464825574912
6140942214464827590451
6140942214464875963392
6140942214464888056627
6140942214465178294272
6140942214465250853683
6140942214466992279552
6140942214467427636019
6140942214477876191232
6140942214480488330035
6140942214543179661312
6140942214558852494131
6140942214935000481792
6140942215029037478707
6140942217285925404672
6140942217850147386163
6140942231391474941952
6140942234776806830899
6140942316024772165632
6140942336336763499315
6140942823824555507712
6140942945696503509811
6140945870623255560192
6140946601854943572787
6140964151415455875072
6140968538805583950643
6141073836168657764352
6141100160509426217779
6141731944687869100032
6141889890732479820595
6145680595803137114112
6146628272070801437491
6169372502494745198592
6175058560100731138867
6311523942644393705472
6345640288280309347123
7369130657357778596659
36845653286788892983296
36845653286788892983302
36845653286788892983303
36845653286788892983332
36845653286788892983339
36845653286788892983512
36845653286788892983555
36845653286788892984592
36845653286788892984851
36845653286788892991072
36845653286788892992627
36845653286788893029952
36845653286788893039283
36845653286788893263232
36845653286788893319219
36845653286788894662912
36845653286788894998835
36845653286788903060992
36845653286788905076531
36845653286788953449472
36845653286788965542707
36845653286789255780352
36845653286789328339763
36845653286791069765632
36845653286791505122099
36845653286801953677312
36845653286804565816115
36845653286867257147392
36845653286882929980211
36845653287259077967872
36845653287353114964787
36845653289610002890752
36845653290174224872243
36845653303715552428032
36845653307100884316979
36845653388348849651712
36845653408660840985395
36845653896148632993792
36845654018020580995891
36845656942947333046272
36845657674179021058867
36845675223739533361152
36845679611129661436723
36845784908492735250432
36845811232833503703859
36846443017011946586112
36846600963056557306675
36850391668127214600192
36851339344394878923571
36874083574818822684672
36879769632424808624947
37016235014968471191552
37050351360604386833203
37869143655866362232832
38073841729681856082739
44214783944146671579955
221073919720733357899776
221073919720733357899782
221073919720733357899783
221073919720733357899812
221073919720733357899819
221073919720733357899992
221073919720733357900035
221073919720733357901072
221073919720733357901331
221073919720733357907552
221073919720733357909107
221073919720733357946432
221073919720733357955763
221073919720733358179712
221073919720733358235699
221073919720733359579392
221073919720733359915315
221073919720733367977472
221073919720733369993011
221073919720733418365952
221073919720733430459187
221073919720733720696832
221073919720733793256243
221073919720735534682112
221073919720735970038579
221073919720746418593792
221073919720749030732595
221073919720811722063872
221073919720827394896691
221073919721203542884352
221073919721297579881267
221073919723554467807232
221073919724118689788723
221073919737660017344512
221073919741045349233459
221073919822293314568192
221073919842605305901875
221073920330093097910272
221073920451965045912371
221073923376891797962752
221073924108123485975347
221073941657683998277632
221073946045074126353203
221074051342437200166912
221074077666777968620339
221074709450956411502592
221074867397001022223155
221078658102071679516672
221079605778339343840051
221102350008763287601152
221108036066369273541427
221244501448912936108032
221278617794548851749683
222097410089810827149312
222302108163626320999219
227214861935198173396992
228443050378091136496435
265288703664880029479731
1326443518324400147398656
1326443518324400147398662
1326443518324400147398663
1326443518324400147398692
1326443518324400147398699
1326443518324400147398872
1326443518324400147398915
1326443518324400147399952
1326443518324400147400211
1326443518324400147406432
1326443518324400147407987
1326443518324400147445312
1326443518324400147454643
1326443518324400147678592
1326443518324400147734579
1326443518324400149078272
1326443518324400149414195
1326443518324400157476352
1326443518324400159491891
1326443518324400207864832
1326443518324400219958067
1326443518324400510195712
1326443518324400582755123
1326443518324402324180992
1326443518324402759537459
1326443518324413208092672
1326443518324415820231475
1326443518324478511562752
1326443518324494184395571
1326443518324870332383232
1326443518324964369380147
1326443518327221257306112
1326443518327785479287603
1326443518341326806843392
1326443518344712138732339
1326443518425960104067072
1326443518446272095400755
1326443518933759887409152
1326443519055631835411251
1326443521980558587461632
1326443522711790275474227
1326443540261350787776512
1326443544648740915852083
1326443649946103989665792
1326443676270444758119219
1326444308054623201001472
1326444466000667811722035
1326448256705738469015552
1326449204382006133338931
1326471948612430077100032
1326477634670036063040307
1326614100052579725606912
1326648216398215641248563
1327467008693477616648192
1327671706767293110498099
1332584460538864962895872
1333812648981757925995315
1363289171611189040381952
1370658302268546818978611
1591732221989280176878387
7958661109946400884391936
7958661109946400884391942
7958661109946400884391943
7958661109946400884391972
7958661109946400884391979
7958661109946400884392152
7958661109946400884392195
7958661109946400884393232
7958661109946400884393491
7958661109946400884399712
7958661109946400884401267
7958661109946400884438592
7958661109946400884447923
7958661109946400884671872
7958661109946400884727859
7958661109946400886071552
7958661109946400886407475
7958661109946400894469632
7958661109946400896485171
7958661109946400944858112
7958661109946400956951347
7958661109946401247188992
7958661109946401319748403
7958661109946403061174272
7958661109946403496530739
7958661109946413945085952
7958661109946416557224755
7958661109946479248556032
7958661109946494921388851
7958661109946871069376512
7958661109946965106373427
7958661109949221994299392
7958661109949786216280883
7958661109963327543836672
7958661109966712875725619
7958661110047960841060352
7958661110068272832394035
7958661110555760624402432
7958661110677632572404531
7958661113602559324454912
7958661114333791012467507
7958661131883351524769792
7958661136270741652845363
7958661241568104726659072
7958661267892445495112499
7958661899676623937994752
7958662057622668548715315
7958665848327739206008832
7958666796004006870332211
7958689540234430814093312
7958695226292036800033587
7958831691674580462600192
7958865808020216378241843
7959684600315478353641472
7959889298389293847491379
7964802052160865699889152
7966030240603758662988595
7995506763233189777375232
8002875893890547555971891
8179735029667134242291712
8223949813611280913871667
9550393331935681061270323
47751966659678405306351616
47751966659678405306351622
47751966659678405306351623
47751966659678405306351652
47751966659678405306351659
47751966659678405306351832
47751966659678405306351875
47751966659678405306352912
47751966659678405306353171
47751966659678405306359392
47751966659678405306360947
47751966659678405306398272
47751966659678405306407603
47751966659678405306631552
47751966659678405306687539
47751966659678405308031232
47751966659678405308367155
47751966659678405316429312
47751966659678405318444851
47751966659678405366817792
47751966659678405378911027
47751966659678405669148672
47751966659678405741708083
47751966659678407483133952
47751966659678407918490419
47751966659678418367045632
47751966659678420979184435
47751966659678483670515712
47751966659678499343348531
47751966659678875491336192
47751966659678969528333107
47751966659681226416259072
47751966659681790638240563
47751966659695331965796352
47751966659698717297685299
47751966659779965263020032
47751966659800277254353715
47751966660287765046362112
47751966660409636994364211
47751966663334563746414592
47751966664065795434427187
47751966681615355946729472
47751966686002746074805043
47751966791300109148618752
47751966817624449917072179
47751967449408628359954432
47751967607354672970674995
47751971398059743627968512
47751972345736011292291891
47751995089966435236052992
47752000776024041221993267
47752137241406584884559872
47752171357752220800201523
47752990150047482775601152
47753194848121298269451059
47758107601892870121848832
47759335790335763084948275
47788812312965194199334912
47796181443622551977931571
47973040579399138664251392
48017255363343285335831347
49078410178002805453750272
49343698881667685483230003
57302359991614086367621939
286511799958070431838109696
286511799958070431838109702
286511799958070431838109703
286511799958070431838109732
286511799958070431838109739
286511799958070431838109912
286511799958070431838109955
286511799958070431838110992
286511799958070431838111251
286511799958070431838117472
286511799958070431838119027
286511799958070431838156352
286511799958070431838165683
286511799958070431838389632
286511799958070431838445619
286511799958070431839789312
286511799958070431840125235
286511799958070431848187392
286511799958070431850202931
286511799958070431898575872
286511799958070431910669107
286511799958070432200906752
286511799958070432273466163
286511799958070434014892032
286511799958070434450248499
286511799958070444898803712
286511799958070447510942515
286511799958070510202273792
286511799958070525875106611
286511799958070902023094272
286511799958070996060091187
286511799958073252948017152
286511799958073817169998643
286511799958087358497554432
286511799958090743829443379
286511799958171991794778112
286511799958192303786111795
286511799958679791578120192
286511799958801663526122291
286511799961726590278172672
286511799962457821966185267
286511799980007382478487552
286511799984394772606563123
286511800089692135680376832
286511800116016476448830259
286511800747800654891712512
286511800905746699502433075
286511804696451770159726592
286511805644128037824049971
286511828388358461767811072
286511834074416067753751347
286511970539798611416317952
286512004656144247331959603
286512823448439509307359232
286513028146513324801209139
286517940900284896653606912
286519169088727789616706355
286548645611357220731092992
286556014742014578509689651
286732873877791165196009472
286777088661735311867589427
287838243476394831985508352
288103532180059712014988083
294470461068016832722501632
296062193290006112899380019
343814159949684518205731635
1719070799748422591028658176
1719070799748422591028658182
1719070799748422591028658183
1719070799748422591028658212
1719070799748422591028658219
1719070799748422591028658392
1719070799748422591028658435
1719070799748422591028659472
1719070799748422591028659731
1719070799748422591028665952
1719070799748422591028667507
1719070799748422591028704832
1719070799748422591028714163
1719070799748422591028938112
1719070799748422591028994099
1719070799748422591030337792
1719070799748422591030673715
1719070799748422591038735872
1719070799748422591040751411
1719070799748422591089124352
1719070799748422591101217587
1719070799748422591391455232
1719070799748422591464014643
1719070799748422593205440512
1719070799748422593640796979
1719070799748422604089352192
1719070799748422606701490995
1719070799748422669392822272
1719070799748422685065655091
1719070799748423061213642752
1719070799748423155250639667
1719070799748425412138565632
1719070799748425976360547123
1719070799748439517688102912
1719070799748442903019991859
1719070799748524150985326592
1719070799748544462976660275
1719070799749031950768668672
1719070799749153822716670771
1719070799752078749468721152
1719070799752809981156733747
1719070799770359541669036032
1719070799774746931797111603
1719070799880044294870925312
1719070799906368635639378739
1719070800538152814082260992
1719070800696098858692981555
1719070804486803929350275072
1719070805434480197014598451
1719070828178710620958359552
1719070833864768226944299827
1719070970330150770606866432
1719071004446496406522508083
1719071823238791668497907712
1719072027936865483991757619
1719076940690637055844155392
1719078168879079948807254835
1719107645401709379921641472
1719115014532366737700238131
1719291873668143324386557952
1719336088452087471058137907
1720397243266746991176056832
1720662531970411871205536563
1727029460858368991913050112
1728621193080358272089928499
1766822766408100996335009792
1776373159740036677396280115
2062884959698107109234389811
10314424798490535546171949056
10314424798490535546171949062
10314424798490535546171949063
10314424798490535546171949092
10314424798490535546171949099
10314424798490535546171949272
10314424798490535546171949315
10314424798490535546171950352
10314424798490535546171950611
10314424798490535546171956832
10314424798490535546171958387
10314424798490535546171995712
10314424798490535546172005043
10314424798490535546172228992
10314424798490535546172284979
10314424798490535546173628672
10314424798490535546173964595
10314424798490535546182026752
10314424798490535546184042291
10314424798490535546232415232
10314424798490535546244508467
10314424798490535546534746112
10314424798490535546607305523
10314424798490535548348731392
10314424798490535548784087859
10314424798490535559232643072
10314424798490535561844781875
10314424798490535624536113152
10314424798490535640208945971
10314424798490536016356933632
10314424798490536110393930547
10314424798490538367281856512
10314424798490538931503838003
10314424798490552472831393792
10314424798490555858163282739
10314424798490637106128617472
10314424798490657418119951155
10314424798491144905911959552
10314424798491266777859961651
10314424798494191704612012032
10314424798494922936300024627
10314424798512472496812326912
10314424798516859886940402483
10314424798622157250014216192
10314424798648481590782669619
10314424799280265769225551872
10314424799438211813836272435
10314424803228916884493565952
10314424804176593152157889331
10314424826920823576101650432
10314424832606881182087590707
10314424969072263725750157312
10314425003188609361665798963
10314425821980904623641198592
10314426026678978439135048499
10314430939432750010987446272
10314432167621192903950545715
10314461644143822335064932352
10314469013274479692843529011
10314645872410256279529848832
10314690087194200426201428787
10315751242008859946319347712
10316016530712524826348827443
10322383459600481947056340992
10323975191822471227233219379
10362176765150213951478300672
10371727158482149632539570995
10600936598448605978010058752
10658238958440220064377680691
12377309758188642655406338867
61886548790943213277031694336
61886548790943213277031694342
61886548790943213277031694343
61886548790943213277031694372
61886548790943213277031694379
61886548790943213277031694552
61886548790943213277031694595
61886548790943213277031695632
61886548790943213277031695891
61886548790943213277031702112
61886548790943213277031703667
61886548790943213277031740992
61886548790943213277031750323
61886548790943213277031974272
61886548790943213277032030259
61886548790943213277033373952
61886548790943213277033709875
61886548790943213277041772032
61886548790943213277043787571
61886548790943213277092160512
61886548790943213277104253747
61886548790943213277394491392
61886548790943213277467050803
61886548790943213279208476672
61886548790943213279643833139
61886548790943213290092388352
61886548790943213292704527155
61886548790943213355395858432
61886548790943213371068691251
61886548790943213747216678912
61886548790943213841253675827
61886548790943216098141601792
61886548790943216662363583283
61886548790943230203691139072
61886548790943233589023028019
61886548790943314836988362752
61886548790943335148979696435
61886548790943822636771704832
61886548790943944508719706931
61886548790946869435471757312
61886548790947600667159769907
61886548790965150227672072192
61886548790969537617800147763
61886548791074834980873961472
61886548791101159321642414899
61886548791732943500085297152
61886548791890889544696017715
61886548795681594615353311232
61886548796629270883017634611
61886548819373501306961395712
61886548825059558912947335987
61886548961524941456609902592
61886548995641287092525544243
61886549814433582354500943872
61886550019131656169994793779
61886554931885427741847191552
61886556160073870634810290995
61886585636596500065924677632
61886593005727157423703274291
61886769864862934010389594112
61886814079646878157061174067
61887875234461537677179092992
61888140523165202557208572723
61894507452053159677916086272
61896099184275148958092964659
61934300757602891682338045952
61943851150934827363399316275
62173060590901283708869804032
62230362950892897795237425971
63605619590691635868060352512
63949433750641320386266084147
74263858549131855932438033203
371319292745659279662190166016
371319292745659279662190166022
371319292745659279662190166023
371319292745659279662190166052
371319292745659279662190166059
371319292745659279662190166232
371319292745659279662190166275
371319292745659279662190167312
371319292745659279662190167571
371319292745659279662190173792
371319292745659279662190175347
371319292745659279662190212672
371319292745659279662190222003
371319292745659279662190445952
371319292745659279662190501939
371319292745659279662191845632
371319292745659279662192181555
371319292745659279662200243712
371319292745659279662202259251
371319292745659279662250632192
371319292745659279662262725427
371319292745659279662552963072
371319292745659279662625522483
371319292745659279664366948352
371319292745659279664802304819
371319292745659279675250860032
371319292745659279677862998835
371319292745659279740554330112
371319292745659279756227162931
371319292745659280132375150592
371319292745659280226412147507
371319292745659282483300073472
371319292745659283047522054963
371319292745659296588849610752
371319292745659299974181499699
371319292745659381222146834432
371319292745659401534138168115
371319292745659889021930176512
371319292745660010893878178611
371319292745662935820630228992
371319292745663667052318241587
371319292745681216612830543872
371319292745685604002958619443
371319292745790901366032433152
371319292745817225706800886579
371319292746449009885243768832
371319292746606955929854489395
371319292750397661000511782912
371319292751345337268176106291
371319292774089567692119867392
371319292779775625298105807667
371319292916241007841768374272
371319292950357353477684015923
371319293769149648739659415552
371319293973847722555153265459
371319298886601494127005663232
371319300114789937019968762675
371319329591312566451083149312
371319336960443223808861745971
371319513819579000395548065792
371319558034362944542219645747
371320619189177604062337564672
371320884477881268942367044403
371327251406769226063074557952
371328843138991215343251436339
371367044712318958067496517632
371376595105650893748557787955
371605804545617350094028275712
371663106905608964180395897651
373038363545407702253218824192
373382177705357386771424555827
381633717544149815208362115072
383696602503847922317596504883
445583151294791135594628199219
2227915756473955677973140996096
2227915756473955677973140996102
2227915756473955677973140996103
2227915756473955677973140996132
2227915756473955677973140996139
2227915756473955677973140996312
2227915756473955677973140996355
2227915756473955677973140997392
2227915756473955677973140997651
2227915756473955677973141003872
2227915756473955677973141005427
2227915756473955677973141042752
2227915756473955677973141052083
2227915756473955677973141276032
2227915756473955677973141332019
2227915756473955677973142675712
2227915756473955677973143011635
2227915756473955677973151073792
2227915756473955677973153089331
2227915756473955677973201462272
2227915756473955677973213555507
2227915756473955677973503793152
2227915756473955677973576352563
2227915756473955677975317778432
2227915756473955677975753134899
2227915756473955677986201690112
2227915756473955677988813828915
2227915756473955678051505160192
2227915756473955678067177993011
2227915756473955678443325980672
2227915756473955678537362977587
2227915756473955680794250903552
2227915756473955681358472885043
2227915756473955694899800440832
2227915756473955698285132329779
2227915756473955779533097664512
2227915756473955799845088998195
2227915756473956287332881006592
2227915756473956409204829008691
2227915756473959334131581059072
2227915756473960065363269071667
2227915756473977614923781373952
2227915756473982002313909449523
2227915756474087299676983263232
2227915756474113624017751716659
2227915756474745408196194598912
2227915756474903354240805319475
2227915756478694059311462612992
2227915756479641735579126936371
2227915756502385966003070697472
2227915756508072023609056637747
2227915756644537406152719204352
2227915756678653751788634846003
2227915757497446047050610245632
2227915757702144120866104095539
2227915762614897892437956493312
2227915763843086335330919592755
2227915793319608964762033979392
2227915800688739622119812576051
2227915977547875398706498895872
2227916021762659342853170475827
2227917082917474002373288394752
2227917348206177667253317874483
2227923715135065624374025388032
2227925306867287613654202266419
2227963508440615356378447347712
2227973058833947292059508618035
2228202268273913748404979105792
2228259570633905362491346727731
2229634827273704100564169654272
2229978641433653785082375385907
2238230181272446213519312945152
2240293066232144320628547334963
2289802305264898891250172690432
2302179615023087533905579029299
2673498907768746813567769195315
13367494538843734067838845976576
13367494538843734067838845976582
13367494538843734067838845976583
13367494538843734067838845976612
13367494538843734067838845976619
13367494538843734067838845976792
13367494538843734067838845976835
13367494538843734067838845977872
13367494538843734067838845978131
13367494538843734067838845984352
13367494538843734067838845985907
13367494538843734067838846023232
13367494538843734067838846032563
13367494538843734067838846256512
13367494538843734067838846312499
13367494538843734067838847656192
13367494538843734067838847992115
13367494538843734067838856054272
13367494538843734067838858069811
13367494538843734067838906442752
13367494538843734067838918535987
13367494538843734067839208773632
13367494538843734067839281333043
13367494538843734067841022758912
13367494538843734067841458115379
13367494538843734067851906670592
13367494538843734067854518809395
13367494538843734067917210140672
13367494538843734067932882973491
13367494538843734068309030961152
13367494538843734068403067958067
13367494538843734070659955884032
13367494538843734071224177865523
13367494538843734084765505421312
13367494538843734088150837310259
13367494538843734169398802644992
13367494538843734189710793978675
13367494538843734677198585987072
13367494538843734799070533989171
13367494538843737723997286039552
13367494538843738455228974052147
13367494538843756004789486354432
13367494538843760392179614430003
13367494538843865689542688243712
13367494538843892013883456697139
13367494538844523798061899579392
13367494538844681744106510299955
13367494538848472449177167593472
13367494538849420125444831916851
13367494538872164355868775677952
13367494538877850413474761618227
13367494539014315796018424184832
13367494539048432141654339826483
13367494539867224436916315226112
13367494540071922510731809076019
13367494544984676282303661473792
13367494546212864725196624573235
13367494575689387354627738959872
13367494583058518011985517556531
13367494759917653788572203876352
13367494804132437732718875456307
13367495865287252392238993375232
13367496130575956057119022854963
13367502497504844014239730368512
13367504089237066003519907246899
13367542290810393746244152328192
13367551841203725681925213598515
13367781050643692138270684086272
13367838353003683752357051708211
13369213609643482490429874634752
13369557423803432174948080366387
13377808963642224603385017925632
13379871848601922710494252315443
13429381087634677281115877670912
13441758397392865923771284009779
13738813831589393347501036142592
13813077690138525203433474175795
16040993446612480881406615171891
80204967233062404407033075859456
80204967233062404407033075859462
80204967233062404407033075859463
80204967233062404407033075859492
80204967233062404407033075859499
80204967233062404407033075859672
80204967233062404407033075859715
80204967233062404407033075860752
80204967233062404407033075861011
80204967233062404407033075867232
80204967233062404407033075868787
80204967233062404407033075906112
80204967233062404407033075915443
80204967233062404407033076139392
80204967233062404407033076195379
80204967233062404407033077539072
80204967233062404407033077874995
80204967233062404407033085937152
80204967233062404407033087952691
80204967233062404407033136325632
80204967233062404407033148418867
80204967233062404407033438656512
80204967233062404407033511215923
80204967233062404407035252641792
80204967233062404407035687998259
80204967233062404407046136553472
80204967233062404407048748692275
80204967233062404407111440023552
80204967233062404407127112856371
80204967233062404407503260844032
80204967233062404407597297840947
80204967233062404409854185766912
80204967233062404410418407748403
80204967233062404423959735304192
80204967233062404427345067193139
80204967233062404508593032527872
80204967233062404528905023861555
80204967233062405016392815869952
80204967233062405138264763872051
80204967233062408063191515922432
80204967233062408794423203935027
80204967233062426343983716237312
80204967233062430731373844312883
80204967233062536028736918126592
80204967233062562353077686580019
80204967233063194137256129462272
80204967233063352083300740182835
80204967233067142788371397476352
80204967233068090464639061799731
80204967233090834695063005560832
80204967233096520752668991501107
80204967233232986135212654067712
80204967233267102480848569709363
80204967234085894776110545108992
80204967234290592849926038958899
80204967239203346621497891356672
80204967240431535064390854456115
80204967269908057693821968842752
80204967277277188351179747439411
80204967454136324127766433759232
80204967498351108071913105339187
80204968559505922731433223258112
80204968824794626396313252737843
80204975191723514353433960251392
80204976783455736342714137129779
80205014985029064085438382211072
80205024535422396021119443481395
80205253744862362477464913969152
80205311047222354091551281591091
80206686303862152829624104517632
80207030118022102514142310249267
80215281657860894942579247808512
80217344542820593049688482198323
80266853781853347620310107553792
80279231091611536262965513892659
80576286525808063686695266025472
80650550384357195542627704058675
82432882989536360085006216855552
82878466140831151220600845054771
96245960679674885288439691031347
481229803398374426442198455156736
481229803398374426442198455156742
481229803398374426442198455156743
481229803398374426442198455156772
481229803398374426442198455156779
481229803398374426442198455156952
481229803398374426442198455156995
481229803398374426442198455158032
481229803398374426442198455158291
481229803398374426442198455164512
481229803398374426442198455166067
481229803398374426442198455203392
481229803398374426442198455212723
481229803398374426442198455436672
481229803398374426442198455492659
481229803398374426442198456836352
481229803398374426442198457172275
481229803398374426442198465234432
481229803398374426442198467249971
481229803398374426442198515622912
481229803398374426442198527716147
481229803398374426442198817953792
481229803398374426442198890513203
481229803398374426442200631939072
481229803398374426442201067295539
481229803398374426442211515850752
481229803398374426442214127989555
481229803398374426442276819320832
481229803398374426442292492153651
481229803398374426442668640141312
481229803398374426442762677138227
481229803398374426445019565064192
481229803398374426445583787045683
481229803398374426459125114601472
481229803398374426462510446490419
481229803398374426543758411825152
481229803398374426564070403158835
481229803398374427051558195167232
481229803398374427173430143169331
481229803398374430098356895219712
481229803398374430829588583232307
481229803398374448379149095534592
481229803398374452766539223610163
481229803398374558063902297423872
481229803398374584388243065877299
481229803398375216172421508759552
481229803398375374118466119480115
481229803398379164823536776773632
481229803398380112499804441097011
481229803398402856730228384858112
481229803398408542787834370798387
481229803398545008170378033364992
481229803398579124516013949006643
481229803399397916811275924406272
481229803399602614885091418256179
481229803404515368656663270653952
481229803405743557099556233753395
481229803435220079728987348140032
481229803442589210386345126736691
481229803619448346162931813056512
481229803663663130107078484636467
481229804724817944766598602555392
481229804990106648431478632035123
481229811357035536388599339548672
481229812948767758377879516427059
481229851150341086120603761508352
481229860700734418056284822778675
481230089910174384512630293266432
481230147212534376126716660888371
481231522469174174864789483814912
481231866283334124549307689546547
481240117823172916977744627105792
481242180708132615084853861495603
481291689947165369655475486851072
481304067256923558298130893189939
481601122691120085721860645322752
481675386549669217577793083355955
483457719154848382120171596152832
483903302306143173255766224352051
494597297937218160510037301133312
497270796844986907323605070328627
577475764078049311730638146188083
2887378820390246558653190730940416
2887378820390246558653190730940422
2887378820390246558653190730940423
2887378820390246558653190730940452
2887378820390246558653190730940459
2887378820390246558653190730940632
2887378820390246558653190730940675
2887378820390246558653190730941712
2887378820390246558653190730941971
2887378820390246558653190730948192
2887378820390246558653190730949747
2887378820390246558653190730987072
2887378820390246558653190730996403
2887378820390246558653190731220352
2887378820390246558653190731276339
2887378820390246558653190732620032
2887378820390246558653190732955955
2887378820390246558653190741018112
2887378820390246558653190743033651
2887378820390246558653190791406592
2887378820390246558653190803499827
2887378820390246558653191093737472
2887378820390246558653191166296883
2887378820390246558653192907722752
2887378820390246558653193343079219
2887378820390246558653203791634432
2887378820390246558653206403773235
2887378820390246558653269095104512
2887378820390246558653284767937331
2887378820390246558653660915924992
2887378820390246558653754952921907
2887378820390246558656011840847872
2887378820390246558656576062829363
2887378820390246558670117390385152
2887378820390246558673502722274099
2887378820390246558754750687608832
2887378820390246558775062678942515
2887378820390246559262550470950912
2887378820390246559384422418953011
2887378820390246562309349171003392
2887378820390246563040580859015987
2887378820390246580590141371318272
2887378820390246584977531499393843
2887378820390246690274894573207552
2887378820390246716599235341660979
2887378820390247348383413784543232
2887378820390247506329458395263795
2887378820390251297034529052557312
2887378820390252244710796716880691
2887378820390274988941220660641792
2887378820390280674998826646582067
2887378820390417140381370309148672
2887378820390451256727006224790323
2887378820391270049022268200189952
2887378820391474747096083694039859
2887378820396387500867655546437632
2887378820397615689310548509537075
2887378820427092211939979623923712
2887378820434461342597337402520371
2887378820611320478373924088840192
2887378820655535262318070760420147
2887378821716690076977590878339072
2887378821981978780642470907818803
2887378828348907668599591615332352
2887378829940639890588871792210739
2887378868142213218331596037292032
2887378877692606550267277098562355
2887379106902046516723622569050112
2887379164204406508337708936672051
2887380539461046307075781759598592
2887380883275206256760299965330227
2887389134815045049188736902889472
2887391197700004747295846137279283
2887440706939037501866467762634752
2887453084248795690509123168973619
2887750139682992217932852921106432
2887824403541541349788785359139635
2889606736146720514331163871936512
2890052319298015305466758500135731
2900746314929090292721029576916992
2903419813836859039534597346112307
2967583787623308963060223806799872
2983624781069921443941630421971763
3464854584468295870383828877128499
17324272922341479351919144385642496
17324272922341479351919144385642502
17324272922341479351919144385642503
17324272922341479351919144385642532
17324272922341479351919144385642539
17324272922341479351919144385642712
17324272922341479351919144385642755
17324272922341479351919144385643792
17324272922341479351919144385644051
17324272922341479351919144385650272
17324272922341479351919144385651827
17324272922341479351919144385689152
17324272922341479351919144385698483
17324272922341479351919144385922432
17324272922341479351919144385978419
17324272922341479351919144387322112
17324272922341479351919144387658035
17324272922341479351919144395720192
17324272922341479351919144397735731
17324272922341479351919144446108672
17324272922341479351919144458201907
17324272922341479351919144748439552
17324272922341479351919144820998963
17324272922341479351919146562424832
17324272922341479351919146997781299
17324272922341479351919157446336512
17324272922341479351919160058475315
17324272922341479351919222749806592
17324272922341479351919238422639411
17324272922341479351919614570627072
17324272922341479351919708607623987
17324272922341479351921965495549952
17324272922341479351922529717531443
17324272922341479351936071045087232
17324272922341479351939456376976179
17324272922341479352020704342310912
17324272922341479352041016333644595
17324272922341479352528504125652992
17324272922341479352650376073655091
17324272922341479355575302825705472
17324272922341479356306534513718067
17324272922341479373856095026020352
17324272922341479378243485154095923
17324272922341479483540848227909632
17324272922341479509865188996363059
17324272922341480141649367439245312
17324272922341480299595412049965875
17324272922341484090300482707259392
17324272922341485037976750371582771
17324272922341507782207174315343872
17324272922341513468264780301284147
17324272922341649933647323963850752
17324272922341684049992959879492403
17324272922342502842288221854892032
17324272922342707540362037348741939
17324272922347620294133609201139712
17324272922348848482576502164239155
17324272922378325005205933278625792
17324272922385694135863291057222451
17324272922562553271639877743542272
17324272922606768055584024415122227
17324272923667922870243544533041152
17324272923933211573908424562520883
17324272930300140461865545270034432
17324272931891872683854825446912819
17324272970093446011597549691994112
17324272979643839343533230753264435
17324273208853279309989576223752192
17324273266155639301603662591374131
17324274641412279100341735414300672
17324274985226439050026253620032307
17324283236766277842454690557591552
17324285299651237540561799791981363
17324334808890270295132421417336832
17324347186200028483775076823675699
17324644241634225011198806575808512
17324718505492774143054739013841715
17326500838097953307597117526638592
17326946421249248098732712154837811
17337640416880323085986983231619072
17340313915788091832800551000814387
17404477889574541756326177461501952
17420518883021154237207584076673843
17805502725739853778361342840799232
17901748686419528663649782531830579
20789127506809775222302973262770995
103945637534048876111514866313854976
103945637534048876111514866313854982
103945637534048876111514866313854983
103945637534048876111514866313855012
103945637534048876111514866313855019
103945637534048876111514866313855192
103945637534048876111514866313855235
103945637534048876111514866313856272
103945637534048876111514866313856531
103945637534048876111514866313862752
103945637534048876111514866313864307
103945637534048876111514866313901632
103945637534048876111514866313910963
103945637534048876111514866314134912
103945637534048876111514866314190899
103945637534048876111514866315534592
103945637534048876111514866315870515
103945637534048876111514866323932672
103945637534048876111514866325948211
103945637534048876111514866374321152
103945637534048876111514866386414387
103945637534048876111514866676652032
103945637534048876111514866749211443
103945637534048876111514868490637312
103945637534048876111514868925993779
103945637534048876111514879374548992
103945637534048876111514881986687795
103945637534048876111514944678019072
103945637534048876111514960350851891
103945637534048876111515336498839552
103945637534048876111515430535836467
103945637534048876111517687423762432
103945637534048876111518251645743923
103945637534048876111531792973299712
103945637534048876111535178305188659
103945637534048876111616426270523392
103945637534048876111636738261857075
103945637534048876112124226053865472
103945637534048876112246098001867571
103945637534048876115171024753917952
103945637534048876115902256441930547
103945637534048876133451816954232832
103945637534048876137839207082308403
103945637534048876243136570156122112
103945637534048876269460910924575539
103945637534048876901245089367457792
103945637534048877059191133978178355
103945637534048880849896204635471872
103945637534048881797572472299795251
103945637534048904541802896243556352
103945637534048910227860502229496627
103945637534049046693243045892063232
103945637534049080809588681807704883
103945637534049899601883943783104512
103945637534050104299957759276954419
103945637534055017053729331129352192
103945637534056245242172224092451635
103945637534085721764801655206838272
103945637534093090895459012985434931
103945637534269950031235599671754752
103945637534314164815179746343334707
103945637535375319629839266461253632
103945637535640608333504146490733363
103945637542007537221461267198246912
103945637543599269443450547375125299
103945637581800842771193271620206592
103945637591351236103128952681476915
103945637820560676069585298151964672
103945637877863036061199384519586611
103945639253119675859937457342513152
103945639596933835809621975548244787
103945647848473674602050412485804032
103945649911358634300157521720193843
103945699420597667054728143345549312
103945711797907425243370798751888179
103946008853341621770794528504020992
103946083117200170902650460942054195
103947865449805350067192839454851072
103948311032956644858328434083050291
103959005028587719845582705159831552
103961678527495488592396272929026867
104025842501281938515921899389714432
104041883494728550996803306004886323
104426867337447250537957064769011712
104523113298126925423245504460043059
106833016354439122670168057044795392
107410492118517171981898695190983475
124734765040858651333817839576625971
623673825204293256669089197883129856
623673825204293256669089197883129862
623673825204293256669089197883129863
623673825204293256669089197883129892
623673825204293256669089197883129899
623673825204293256669089197883130072
623673825204293256669089197883130115
623673825204293256669089197883131152
623673825204293256669089197883131411
623673825204293256669089197883137632
623673825204293256669089197883139187
623673825204293256669089197883176512
623673825204293256669089197883185843
623673825204293256669089197883409792
623673825204293256669089197883465779
623673825204293256669089197884809472
623673825204293256669089197885145395
623673825204293256669089197893207552
623673825204293256669089197895223091
623673825204293256669089197943596032
623673825204293256669089197955689267
623673825204293256669089198245926912
623673825204293256669089198318486323
623673825204293256669089200059912192
623673825204293256669089200495268659
623673825204293256669089210943823872
623673825204293256669089213555962675
623673825204293256669089276247293952
623673825204293256669089291920126771
623673825204293256669089668068114432
623673825204293256669089762105111347
623673825204293256669092018993037312
623673825204293256669092583215018803
623673825204293256669106124542574592
623673825204293256669109509874463539
623673825204293256669190757839798272
623673825204293256669211069831131955
623673825204293256669698557623140352
623673825204293256669820429571142451
623673825204293256672745356323192832
623673825204293256673476588011205427
623673825204293256691026148523507712
623673825204293256695413538651583283
623673825204293256800710901725396992
623673825204293256827035242493850419
623673825204293257458819420936732672
623673825204293257616765465547453235
623673825204293261407470536204746752
623673825204293262355146803869070131
623673825204293285099377227812831232
623673825204293290785434833798771507
623673825204293427250817377461338112
623673825204293461367163013376979763
623673825204294280159458275352379392
623673825204294484857532090846229299
623673825204299397611303662698627072
623673825204300625799746555661726515
623673825204330102322375986776113152
623673825204337471453033344554709811
623673825204514330588809931241029632
623673825204558545372754077912609587
623673825205619700187413598030528512
623673825205884988891078478060008243
623673825212251917779035598767521792
623673825213843650001024878944400179
623673825252045223328767603189481472
623673825261595616660703284250751795
623673825490805056627159629721239552
623673825548107416618773716088861491
623673826923364056417511788911788032
623673827267178216367196307117519667
623673835518718055159624744055078912
623673837581603014857731853289468723
623673887090842047612302474914824192
623673899468151805800945130321163059
623674196523586002328368860073295872
623674270787444551460224792511329075
623676053120049730624767171024125952
623676498703201025415902765652325171
623687192698832100403157036729106432
623689866197739869149970604498301747
623754030171526319073496230958989312
623770071164972931554377637574161203
624155055007691631095531396338286592
624251300968371305980819836029317939
626561204024683503227742388614070272
627138679788761552539473026760258355
640998098126634736021008342268772352
644462952711103031891392171145900851
748408590245151908002907037459755827
3742042951225759540014535187298779136
3742042951225759540014535187298779142
3742042951225759540014535187298779143
3742042951225759540014535187298779172
3742042951225759540014535187298779179
3742042951225759540014535187298779352
3742042951225759540014535187298779395
3742042951225759540014535187298780432
3742042951225759540014535187298780691
3742042951225759540014535187298786912
3742042951225759540014535187298788467
3742042951225759540014535187298825792
3742042951225759540014535187298835123
3742042951225759540014535187299059072
3742042951225759540014535187299115059
3742042951225759540014535187300458752
3742042951225759540014535187300794675
3742042951225759540014535187308856832
3742042951225759540014535187310872371
3742042951225759540014535187359245312
3742042951225759540014535187371338547
3742042951225759540014535187661576192
3742042951225759540014535187734135603
3742042951225759540014535189475561472
3742042951225759540014535189910917939
3742042951225759540014535200359473152
3742042951225759540014535202971611955
3742042951225759540014535265662943232
3742042951225759540014535281335776051
3742042951225759540014535657483763712
3742042951225759540014535751520760627
3742042951225759540014538008408686592
3742042951225759540014538572630668083
3742042951225759540014552113958223872
3742042951225759540014555499290112819
3742042951225759540014636747255447552
3742042951225759540014657059246781235
3742042951225759540015144547038789632
3742042951225759540015266418986791731
3742042951225759540018191345738842112
3742042951225759540018922577426854707
3742042951225759540036472137939156992
3742042951225759540040859528067232563
3742042951225759540146156891141046272
3742042951225759540172481231909499699
3742042951225759540804265410352381952
3742042951225759540962211454963102515
3742042951225759544752916525620396032
3742042951225759545700592793284719411
3742042951225759568444823217228480512
3742042951225759574130880823214420787
3742042951225759710596263366876987392
3742042951225759744712609002792629043
3742042951225760563504904264768028672
3742042951225760768202978080261878579
3742042951225765680956749652114276352
3742042951225766909145192545077375795
3742042951225796385667821976191762432
3742042951225803754798479333970359091
3742042951225980613934255920656678912
3742042951226024828718200067328258867
3742042951227085983532859587446177792
3742042951227351272236524467475657523
3742042951233718201124481588183171072
3742042951235309933346470868360049459
3742042951273511506674213592605130752
3742042951283061900006149273666401075
3742042951512271339972605619136888832
3742042951569573699964219705504510771
3742042952944830339762957778327437312
3742042953288644499712642296533168947
3742042961540184338505070733470728192
3742042963603069298203177842705118003
3742043013112308330957748464330473472
3742043025489618089146391119736812339
3742043322545052285673814849488945152
3742043396808910834805670781926978355
3742045179141516013970213160439775232
3742045624724667308761348755067974451
3742056318720298383748603026144755712
3742058992219206152495416593913951027
3742123156192992602418942220374638592
3742139197186439214899823626989810483
3742524181029157914440977385753935872
3742620426989837589326265825444967219
3744930330046149786573188378029719552
3745507805810227835884919016175907635
3759367224148101019366454331684421632
3762832078732569315236838160561550131
3845988588759808416126050053612634112
3866777716266618191348353026875405107
4490451541470911448017442224758534963
22452257707354557240087211123792674816
22452257707354557240087211123792674822
22452257707354557240087211123792674823
22452257707354557240087211123792674852
22452257707354557240087211123792674859
22452257707354557240087211123792675032
22452257707354557240087211123792675075
22452257707354557240087211123792676112
22452257707354557240087211123792676371
22452257707354557240087211123792682592
22452257707354557240087211123792684147
22452257707354557240087211123792721472
22452257707354557240087211123792730803
22452257707354557240087211123792954752
22452257707354557240087211123793010739
22452257707354557240087211123794354432
22452257707354557240087211123794690355
22452257707354557240087211123802752512
22452257707354557240087211123804768051
22452257707354557240087211123853140992
22452257707354557240087211123865234227
22452257707354557240087211124155471872
22452257707354557240087211124228031283
22452257707354557240087211125969457152
22452257707354557240087211126404813619
22452257707354557240087211136853368832
22452257707354557240087211139465507635
22452257707354557240087211202156838912
22452257707354557240087211217829671731
22452257707354557240087211593977659392
22452257707354557240087211688014656307
22452257707354557240087213944902582272
22452257707354557240087214509124563763
22452257707354557240087228050452119552
22452257707354557240087231435784008499
22452257707354557240087312683749343232
22452257707354557240087332995740676915
22452257707354557240087820483532685312
22452257707354557240087942355480687411
22452257707354557240090867282232737792
22452257707354557240091598513920750387
22452257707354557240109148074433052672
22452257707354557240113535464561128243
22452257707354557240218832827634941952
22452257707354557240245157168403395379
22452257707354557240876941346846277632
22452257707354557241034887391456998195
22452257707354557244825592462114291712
22452257707354557245773268729778615091
22452257707354557268517499153722376192
22452257707354557274203556759708316467
22452257707354557410668939303370883072
22452257707354557444785284939286524723
22452257707354558263577580201261924352
22452257707354558468275654016755774259
22452257707354563381029425588608172032
22452257707354564609217868481571271475
22452257707354594085740497912685658112
22452257707354601454871155270464254771
22452257707354778314006931857150574592
22452257707354822528790876003822154547
22452257707355883683605535523940073472
22452257707356148972309200403969553203
22452257707362515901197157524677066752
22452257707364107633419146804853945139
22452257707402309206746889529099026432
22452257707411859600078825210160296755
22452257707641069040045281555630784512
22452257707698371400036895641998406451
22452257709073628039835633714821332992
22452257709417442199785318233027064627
22452257717668982038577746669964623872
22452257719731866998275853779199013683
22452257769241106031030424400824369152
22452257781618415789219067056230708019
22452258078673849985746490785982840832
22452258152937708534878346718420874035
22452259935270313714042889096933670912
22452260380853465008834024691561870131
22452271074849096083821278962638651392
22452273748348003852568092530407846707
22452337912321790302491618156868534272
22452353953315236914972499563483706163
22452738937157955614513653322247831552
22452835183118635289398941761938862899
22455145086174947486645864314523615232
22455722561939025535957594952669803315
22469581980276898719439130268178317312
22473046834861367015309514097055445811
22556203344888606116198725990106529792
22576992472395415891421028963369300787
23075931532558850496756300321675804672
23200666297599709148090118161252430643
26942709248825468688104653348551209779
134713546244127343440523266742756048896
134713546244127343440523266742756048902
134713546244127343440523266742756048903
134713546244127343440523266742756048932
134713546244127343440523266742756048939
134713546244127343440523266742756049112
134713546244127343440523266742756049155
134713546244127343440523266742756050192
134713546244127343440523266742756050451
134713546244127343440523266742756056672
134713546244127343440523266742756058227
134713546244127343440523266742756095552
134713546244127343440523266742756104883
134713546244127343440523266742756328832
134713546244127343440523266742756384819
134713546244127343440523266742757728512
134713546244127343440523266742758064435
134713546244127343440523266742766126592
134713546244127343440523266742768142131
134713546244127343440523266742816515072
134713546244127343440523266742828608307
134713546244127343440523266743118845952
134713546244127343440523266743191405363
134713546244127343440523266744932831232
134713546244127343440523266745368187699
134713546244127343440523266755816742912
134713546244127343440523266758428881715
134713546244127343440523266821120212992
134713546244127343440523266836793045811
134713546244127343440523267212941033472
134713546244127343440523267306978030387
134713546244127343440523269563865956352
134713546244127343440523270128087937843
134713546244127343440523283669415493632
134713546244127343440523287054747382579
134713546244127343440523368302712717312
134713546244127343440523388614704050995
134713546244127343440523876102496059392
134713546244127343440523997974444061491
134713546244127343440526922901196111872
134713546244127343440527654132884124467
134713546244127343440545203693396426752
134713546244127343440549591083524502323
134713546244127343440654888446598316032
134713546244127343440681212787366769459
134713546244127343441312996965809651712
134713546244127343441470943010420372275
134713546244127343445261648081077665792
134713546244127343446209324348741989171
134713546244127343468953554772685750272
134713546244127343474639612378671690547
134713546244127343611104994922334257152
134713546244127343645221340558249898803
134713546244127344464013635820225298432
134713546244127344668711709635719148339
134713546244127349581465481207571546112
134713546244127350809653924100534645555
134713546244127380286176553531649032192
134713546244127387655307210889427628851
134713546244127564514442987476113948672
134713546244127608729226931622785528627
134713546244128669884041591142903447552
134713546244128935172745256022932927283
134713546244135302101633213143640440832
134713546244136893833855202423817319219
134713546244175095407182945148062400512
134713546244184645800514880829123670835
134713546244413855240481337174594158592
134713546244471157600472951260961780531
134713546245846414240271689333784707072
134713546246190228400221373851990438707
134713546254441768239013802288927997952
134713546256504653198711909398162387763
134713546306013892231466480019787743232
134713546318391201989655122675194082099
134713546615446636186182546404946214912
134713546689710494735314402337384248115
134713548472043099914478944715897044992
134713548917626251209270080310525244211
134713559611621882284257334581602025472
134713562285120790053004148149371220787
134713626449094576502927673775831908352
134713642490088023115408555182447080243
134714027473930741814949708941211205632
134714123719891421489834997380902236979
134716433622947733687081919933486989312
134717011098711811736393650571633177395
134730870517049684919875185887141691392
134734335371634153215745569716018819891
134817491881661392316634781609069903872
134838281009168202091857084582332674867
135337220069331636697192355940639178752
135461954834372495348526173780215804723
138455589195353102980537801930054828032
139203997785598254888540708967514583859
161656255492952812128627920091307258675
