36
37
1296
1332
46656
46692
47952
1679616
1679652
1680912
1726272
60466176
60466212
60467472
60512832
62145792
2176782336
2176782372
2176783632
2176828992
2178461952
2237248512
78364164096
78364164132
78364165392
78364210752
78365843712
78424630272
80540946432
2821109907456
2821109907492
2821109908752
2821109954112
2821111587072
2821170373632
2823286689792
2899474071552
101559956668416
101559956668452
101559956669712
101559956715072
101559958348032
101560017134592
101562133450752
101638320832512
104381066575872
3656158440062976
3656158440063012
3656158440064272
3656158440109632
3656158441742592
3656158500529152
3656160616845312
3656236804227072
3658979549970432
3757718396731392
131621703842267136
131621703842267172
131621703842268432
131621703842313792
131621703843946752
131621703902733312
131621706019049472
131621782206431232
131624524952174592
131723263798935552
135277862282330112
4738381338321616896
4738381338321616932
4738381338321618192
4738381338321663552
4738381338323296512
4738381338382083072
4738381340498399232
4738381416685780992
4738384159431524352
4738482898278285312
4742037496761679872
4870003042163884032
170581728179578208256
170581728179578208292
170581728179578209552
170581728179578254912
170581728179579887872
170581728179638674432
170581728181754990592
170581728257942372352
170581731000688115712
170581829739534876672
170585384338018271232
170713349883420475392
175320109517899825152
6140942214464815497216
6140942214464815497252
6140942214464815498512
6140942214464815543872
6140942214464817176832
6140942214464875963392
6140942214466992279552
6140942214543179661312
6140942217285925404672
6140942316024772165632
6140945870623255560192
6141073836168657764352
6145680595803137114112
6311523942644393705472
221073919720733357899776
221073919720733357899812
221073919720733357901072
221073919720733357946432
221073919720733359579392
221073919720733418365952
221073919720735534682112
221073919720811722063872
221073919723554467807232
221073919822293314568192
221073923376891797962752
221074051342437200166912
221078658102071679516672
221244501448912936108032
227214861935198173396992
7958661109946400884391936
7958661109946400884391972
7958661109946400884393232
7958661109946400884438592
7958661109946400886071552
7958661109946400944858112
7958661109946403061174272
7958661109946479248556032
7958661109949221994299392
7958661110047960841060352
7958661113602559324454912
7958661241568104726659072
7958665848327739206008832
7958831691674580462600192
7964802052160865699889152
8179735029667134242291712
286511799958070431838109696
286511799958070431838109732
286511799958070431838110992
286511799958070431838156352
286511799958070431839789312
286511799958070431898575872
286511799958070434014892032
286511799958070510202273792
286511799958073252948017152
286511799958171991794778112
286511799961726590278172672
286511800089692135680376832
286511804696451770159726592
286511970539798611416317952
286517940900284896653606912
286732873877791165196009472
294470461068016832722501632
10314424798490535546171949056
10314424798490535546171949092
10314424798490535546171950352
10314424798490535546171995712
10314424798490535546173628672
10314424798490535546232415232
10314424798490535548348731392
10314424798490535624536113152
10314424798490538367281856512
10314424798490637106128617472
10314424798494191704612012032
10314424798622157250014216192
10314424803228916884493565952
10314424969072263725750157312
10314430939432750010987446272
10314645872410256279529848832
10322383459600481947056340992
10600936598448605978010058752
371319292745659279662190166016
371319292745659279662190166052
371319292745659279662190167312
371319292745659279662190212672
371319292745659279662191845632
371319292745659279662250632192
371319292745659279664366948352
371319292745659279740554330112
371319292745659282483300073472
371319292745659381222146834432
371319292745662935820630228992
371319292745790901366032433152
371319292750397661000511782912
371319292916241007841768374272
371319298886601494127005663232
371319513819579000395548065792
371327251406769226063074557952
371605804545617350094028275712
381633717544149815208362115072
13367494538843734067838845976576
13367494538843734067838845976612
13367494538843734067838845977872
13367494538843734067838846023232
13367494538843734067838847656192
13367494538843734067838906442752
13367494538843734067841022758912
13367494538843734067917210140672
13367494538843734070659955884032
13367494538843734169398802644992
13367494538843737723997286039552
13367494538843865689542688243712
13367494538848472449177167593472
13367494539014315796018424184832
13367494544984676282303661473792
13367494759917653788572203876352
13367502497504844014239730368512
13367781050643692138270684086272
13377808963642224603385017925632
13738813831589393347501036142592
481229803398374426442198455156736
481229803398374426442198455156772
481229803398374426442198455158032
481229803398374426442198455203392
481229803398374426442198456836352
481229803398374426442198515622912
481229803398374426442200631939072
481229803398374426442276819320832
481229803398374426445019565064192
481229803398374426543758411825152
481229803398374430098356895219712
481229803398374558063902297423872
481229803398379164823536776773632
481229803398545008170378033364992
481229803404515368656663270653952
481229803619448346162931813056512
481229811357035536388599339548672
481230089910174384512630293266432
481240117823172916977744627105792
481601122691120085721860645322752
494597297937218160510037301133312
17324272922341479351919144385642496
17324272922341479351919144385642532
17324272922341479351919144385643792
17324272922341479351919144385689152
17324272922341479351919144387322112
17324272922341479351919144446108672
17324272922341479351919146562424832
17324272922341479351919222749806592
17324272922341479351921965495549952
17324272922341479352020704342310912
17324272922341479355575302825705472
17324272922341479483540848227909632
17324272922341484090300482707259392
17324272922341649933647323963850752
17324272922347620294133609201139712
17324272922562553271639877743542272
17324272930300140461865545270034432
17324273208853279309989576223752192
17324283236766277842454690557591552
17324644241634225011198806575808512
17337640416880323085986983231619072
17805502725739853778361342840799232
623673825204293256669089197883129856
623673825204293256669089197883129892
623673825204293256669089197883131152
623673825204293256669089197883176512
623673825204293256669089197884809472
623673825204293256669089197943596032
623673825204293256669089200059912192
623673825204293256669089276247293952
623673825204293256669092018993037312
623673825204293256669190757839798272
623673825204293256672745356323192832
623673825204293256800710901725396992
623673825204293261407470536204746752
623673825204293427250817377461338112
623673825204299397611303662698627072
623673825204514330588809931241029632
623673825212251917779035598767521792
623673825490805056627159629721239552
623673835518718055159624744055078912
623674196523586002328368860073295872
623687192698832100403157036729106432
624155055007691631095531396338286592
640998098126634736021008342268772352
22452257707354557240087211123792674816
22452257707354557240087211123792674852
22452257707354557240087211123792676112
22452257707354557240087211123792721472
22452257707354557240087211123794354432
22452257707354557240087211123853140992
22452257707354557240087211125969457152
22452257707354557240087211202156838912
22452257707354557240087213944902582272
22452257707354557240087312683749343232
22452257707354557240090867282232737792
22452257707354557240218832827634941952
22452257707354557244825592462114291712
22452257707354557410668939303370883072
22452257707354563381029425588608172032
22452257707354778314006931857150574592
22452257707362515901197157524677066752
22452257707641069040045281555630784512
22452257717668982038577746669964623872
22452258078673849985746490785982840832
22452271074849096083821278962638651392
22452738937157955614513653322247831552
22469581980276898719439130268178317312
23075931532558850496756300321675804672
