216
217
46656
46872
10077696
10077912
10124352
2176782336
2176782552
2176828992
2186860032
470184984576
470184984792
470185031232
470195062272
472361766912
101559956668416
101559956668632
101559956715072
101559966746112
101562133450752
102030141652992
21936950640377856
21936950640378072
21936950640424512
21936950650455552
21936952817160192
21937420825362432
22038510597046272
4738381338321616896
4738381338321617112
4738381338321663552
4738381338331694592
4738381340498399232
4738381808506601472
4738482898278285312
4760318288961994752
1023490369077469249536
1023490369077469249752
1023490369077469296192
1023490369077479327232
1023490369079646031872
1023490369547654234112
1023490470637425917952
1023512306028109627392
1028228750415790866432
221073919720733357899776
221073919720733357899992
221073919720733357946432
221073919720733367977472
221073919720735534682112
221073919721203542884352
221073919822293314568192
221073941657683998277632
221078658102071679516672
222097410089810827149312
47751966659678405306351616
47751966659678405306351832
47751966659678405306398272
47751966659678405316429312
47751966659678407483133952
47751966659678875491336192
47751966659779965263020032
47751966681615355946729472
47751971398059743627968512
47752990150047482775601152
47973040579399138664251392
10314424798490535546171949056
10314424798490535546171949272
10314424798490535546171995712
10314424798490535546182026752
10314424798490535548348731392
10314424798490536016356933632
10314424798490637106128617472
10314424798512472496812326912
10314424803228916884493565952
10314425821980904623641198592
10314645872410256279529848832
10362176765150213951478300672
2227915756473955677973140996096
2227915756473955677973140996312
2227915756473955677973141042752
2227915756473955677973151073792
2227915756473955677975317778432
2227915756473955678443325980672
2227915756473955779533097664512
2227915756473977614923781373952
2227915756478694059311462612992
2227915757497446047050610245632
2227915977547875398706498895872
2227963508440615356378447347712
2238230181272446213519312945152
481229803398374426442198455156736
481229803398374426442198455156952
481229803398374426442198455203392
481229803398374426442198465234432
481229803398374426442200631939072
481229803398374426442668640141312
481229803398374426543758411825152
481229803398374448379149095534592
481229803398379164823536776773632
481229803399397916811275924406272
481229803619448346162931813056512
481229851150341086120603761508352
481240117823172916977744627105792
483457719154848382120171596152832
103945637534048876111514866313854976
103945637534048876111514866313855192
103945637534048876111514866313901632
103945637534048876111514866323932672
103945637534048876111514868490637312
103945637534048876111515336498839552
103945637534048876111616426270523392
103945637534048876133451816954232832
103945637534048880849896204635471872
103945637534049899601883943783104512
103945637534269950031235599671754752
103945637581800842771193271620206592
103945647848473674602050412485804032
103947865449805350067192839454851072
104426867337447250537957064769011712
22452257707354557240087211123792674816
22452257707354557240087211123792675032
22452257707354557240087211123792721472
22452257707354557240087211123802752512
22452257707354557240087211125969457152
22452257707354557240087211593977659392
22452257707354557240087312683749343232
22452257707354557240109148074433052672
22452257707354557244825592462114291712
22452257707354558263577580201261924352
22452257707354778314006931857150574592
22452257707402309206746889529099026432
22452257717668982038577746669964623872
22452259935270313714042889096933670912
22452738937157955614513653322247831552
22556203344888606116198725990106529792
