196
197
38416
38612
7529536
7529732
7567952
1475789056
1475789252
1475827472
1483318592
289254654976
289254655172
289254693392
289262184512
290730444032
56693912375296
56693912375492
56693912413712
56693919904832
56695388164352
56983167030272
11112006825558016
11112006825558212
11112006825596432
11112006833087552
11112008301347072
11112296080212992
11168700737933312
2177953337809371136
2177953337809371332
2177953337809409552
2177953337816900672
2177953339285160192
2177953627064026112
2178010031721746432
2189065344634929152
426878854210636742656
426878854210636742852
426878854210636781072
426878854210644272192
426878854212112531712
426878854499891397632
426878910904549117952
426889966217462300672
429056807548446113792
83668255425284801560576
83668255425284801560772
83668255425284801598992
83668255425284809090112
83668255425286277349632
83668255425574056215552
83668255481978713935872
83668266537291627118592
83670433378622610931712
84095134279495438303232
16398978063355821105872896
16398978063355821105873092
16398978063355821105911312
16398978063355821113402432
16398978063355822581661952
16398978063356110360527872
16398978063412515018248192
16398978074467827931430912
16398980241309158915244032
16399404942210031742615552
16482646318781105907433472
3214199700417740936751087616
3214199700417740936751087812
3214199700417740936751126032
3214199700417740936758617152
3214199700417740938226876672
3214199700417741226005742592
3214199700417797630663462912
3214199700428852943576645632
3214199702595694274560458752
3214200127296595147387830272
3214283368673166221552648192
3230598678481096757856960512
629983141281877223603213172736
629983141281877223603213172932
629983141281877223603213211152
629983141281877223603220702272
629983141281877223604688961792
629983141281877223892467827712
629983141281877280297125548032
629983141281888335610038730752
629983141284055176941022543872
629983141708756077813849915392
629983224950132648888014733312
629999540259940579424319045632
633197340982294964539964260352
123476695691247935826229781856256
123476695691247935826229781856452
123476695691247935826229781894672
123476695691247935826229789385792
123476695691247935826231257645312
123476695691247935826519036511232
123476695691247935882923694231552
123476695691247946938236607414272
123476695691250113779567591227392
123476695691674814680440418598912
123476695774916191251514583416832
123476712090225999182050887729152
123479909890948353567166532943872
124106678832529813049832995028992
24201432355484595421941037243826176
24201432355484595421941037243826372
24201432355484595421941037243864592
24201432355484595421941037251355712
24201432355484595421941038719615232
24201432355484595421941326498481152
24201432355484595421997731156201472
24201432355484595433053044069384192
24201432355484597599894375053197312
24201432355485022300795247880568832
24201432355568263677366322045386752
24201432371883573485296858349699072
24201435569684295839681973994913792
24202062338625877299164640456998912
24324909051175843357767267025682432
4743480741674980702700443299789930496
4743480741674980702700443299789930692
4743480741674980702700443299789968912
4743480741674980702700443299797460032
4743480741674980702700443301265719552
4743480741674980702700443589044585472
4743480741674980702700499993702305792
4743480741674980702711555306615488512
4743480741674980704878396637599301632
4743480741674981129579297510426673152
4743480741675064370955868584591491072
4743480741691379680763799120895803392
4743480744889180403118184236541018112
4743481371658121984577666903003103232
4743604218370671950636269529571786752
4767682174030465298122384337033756672
