196
211
2744
2758
2759
2955
38416
38430
38431
38612
38627
41371
537824
537838
537839
538020
538035
540568
540779
579195
7529536
7529550
7529551
7529732
7529747
7532280
7532491
7567952
7570907
8108731
105413504
105413518
105413519
105413700
105413715
105416248
105416459
105451920
105454875
105951328
105992699
113522235
1475789056
1475789070
1475789071
1475789252
1475789267
1475791800
1475792011
1475827472
1475830427
1476326880
1476368251
1483318592
1483897787
1589311291
20661046784
20661046798
20661046799
20661046980
20661046995
20661049528
20661049739
20661085200
20661088155
20661584608
20661625979
20668576320
20669155515
20766460288
20774569019
22250358075
289254654976
289254654990
289254654991
289254655172
289254655187
289254657720
289254657931
289254693392
289254696347
289255192800
289255234171
289262184512
289262763707
289360068480
289368177211
290730444032
290843966267
311505013051
4049565169664
4049565169678
4049565169679
4049565169860
4049565169875
4049565172408
4049565172619
4049565208080
4049565211035
4049565707488
4049565748859
4049572699200
4049573278395
4049670583168
4049678691899
4051040958720
4051154480955
4070226216448
4071815527739
4361070182715
56693912375296
56693912375310
56693912375311
56693912375492
56693912375507
56693912378040
56693912378251
56693912413712
56693912416667
56693912913120
56693912954491
56693919904832
56693920484027
56694017788800
56694025897531
56695388164352
56695501686587
56714573422080
56716162733371
56983167030272
57005417388347
61054982558011
793714773254144
793714773254158
793714773254159
793714773254340
793714773254355
793714773256888
793714773257099
793714773292560
793714773295515
793714773791968
793714773833339
793714780783680
793714781362875
793714878667648
793714886776379
793716249043200
793716362565435
793735434300928
793737023612219
794004027909120
794026278267195
797764338423808
798075843436859
854769755812155
11112006825558016
11112006825558030
11112006825558031
11112006825558212
11112006825558227
11112006825560760
11112006825560971
11112006825596432
11112006825599387
11112006826095840
11112006826137211
11112006833087552
11112006833666747
11112006930971520
11112006939080251
11112008301347072
11112008414869307
11112027486604800
11112029075916091
11112296080212992
11112318330571067
11116056390727680
11116367895740731
11168700737933312
11173061808116027
11966776581370171
155568095557812224
155568095557812238
155568095557812239
155568095557812420
155568095557812435
155568095557814968
155568095557815179
155568095557850640
155568095557853595
155568095558350048
155568095558391419
155568095565341760
155568095565920955
155568095663225728
155568095671334459
155568097033601280
155568097147123515
155568116218859008
155568117808170299
155568384812467200
155568407062825275
155572145122981888
155572456627994939
155624789470187520
155629150540370235
156361810331066368
156422865313624379
167534872139182395
2177953337809371136
2177953337809371150
2177953337809371151
2177953337809371332
2177953337809371347
2177953337809373880
2177953337809374091
2177953337809409552
2177953337809412507
2177953337809908960
2177953337809950331
2177953337816900672
2177953337817479867
2177953337914784640
2177953337922893371
2177953339285160192
2177953339398682427
2177953358470417920
2177953360059729211
2177953627064026112
2177953649314384187
2177957387374540800
2177957698879553851
2178010031721746432
2178014392791929147
2178747052582625280
2178808107565183291
2189065344634929152
2189920114390741307
2345488209948553531
30491346729331195904
30491346729331195918
30491346729331195919
30491346729331196100
30491346729331196115
30491346729331198648
30491346729331198859
30491346729331234320
30491346729331237275
30491346729331733728
30491346729331775099
30491346729338725440
30491346729339304635
30491346729436609408
30491346729444718139
30491346730806984960
30491346730920507195
30491346749992242688
30491346751581553979
30491347018585850880
30491347040836208955
30491350778896365568
30491351090401378619
30491403423243571200
30491407784313753915
30492140444104450048
30492201499087008059
30502458736156753920
30503313505912566075
30646914824889008128
30658881601470378299
32836834939279749435
426878854210636742656
426878854210636742670
426878854210636742671
426878854210636742852
426878854210636742867
426878854210636745400
426878854210636745611
426878854210636781072
426878854210636784027
426878854210637280480
426878854210637321851
426878854210644272192
426878854210644851387
426878854210742156160
426878854210750264891
426878854212112531712
426878854212226053947
426878854231297789440
426878854232887100731
426878854499891397632
426878854522141755707
426878858260201912320
426878858571706925371
426878910904549117952
426878915265619300667
426879647925409996800
426879708980392554811
426889966217462300672
426890820987218112827
427034422306194554880
427046389082775925051
429056807548446113792
429224342420585296187
459715689149916492091
5976303958948914397184
5976303958948914397198
5976303958948914397199
5976303958948914397380
5976303958948914397395
5976303958948914399928
5976303958948914400139
5976303958948914435600
5976303958948914438555
5976303958948914935008
5976303958948914976379
5976303958948921926720
5976303958948922505915
5976303958949019810688
5976303958949027919419
5976303958950390186240
5976303958950503708475
5976303958969575443968
5976303958971164755259
5976303959238169052160
5976303959260419410235
5976303962998479566848
5976303963309984579899
5976304015642826772480
5976304020003896955195
5976304752663687651328
5976304813718670209339
5976315070955739955200
5976315925725495767355
5976459527044472209408
5976471493821053579579
5978481912286723768320
5978649447158862950715
6006795305678245593088
6009140793888194146619
6436019648098830889275
83668255425284801560576
83668255425284801560590
83668255425284801560591
83668255425284801560772
83668255425284801560787
83668255425284801563320
83668255425284801563531
83668255425284801598992
83668255425284801601947
83668255425284802098400
83668255425284802139771
83668255425284809090112
83668255425284809669307
83668255425284906974080
83668255425284915082811
83668255425286277349632
83668255425286390871867
83668255425305462607360
83668255425307051918651
83668255425574056215552
83668255425596306573627
83668255429334366730240
83668255429645871743291
83668255481978713935872
83668255486339784118587
83668256218999574814720
83668256280054557372731
83668266537291627118592
83668267392061382930747
83668410993380359372800
83668422960156940742971
83670433378622610931712
83670600913494750114107
83698746772014132756480
83701092260224081310011
84095134279495438303232
84127971114434718052667
90104275073383632449851
1171355575953987221848064
1171355575953987221848078
1171355575953987221848079
1171355575953987221848260
1171355575953987221848275
1171355575953987221850808
1171355575953987221851019
1171355575953987221886480
1171355575953987221889435
1171355575953987222385888
1171355575953987222427259
1171355575953987229377600
1171355575953987229956795
1171355575953987327261568
1171355575953987335370299
1171355575953988697637120
1171355575953988811159355
1171355575954007882894848
1171355575954009472206139
1171355575954276476503040
1171355575954298726861115
1171355575958036787017728
1171355575958348292030779
1171355576010681134223360
1171355576015042204406075
1171355576747701995102208
1171355576808756977660219
1171355587065994047406080
1171355587920763803218235
1171355731522082779660288
1171355743488859361030459
1171357753907325031219200
1171357921442197170401595
1171386067300716553043968
1171388412788926501597499
1171782454808197858590720
1171815291643137138340155
1177331879912936136245248
1177791595602086052737339
1261459851027370854297915
16398978063355821105872896
16398978063355821105872910
16398978063355821105872911
16398978063355821105873092
16398978063355821105873107
16398978063355821105875640
16398978063355821105875851
16398978063355821105911312
16398978063355821105914267
16398978063355821106410720
16398978063355821106452091
16398978063355821113402432
16398978063355821113981627
16398978063355821211286400
16398978063355821219395131
16398978063355822581661952
16398978063355822695184187
16398978063355841766919680
16398978063355843356230971
16398978063356110360527872
16398978063356132610885947
16398978063359870671042560
16398978063360182176055611
16398978063412515018248192
16398978063416876088430907
16398978064149535879127040
16398978064210590861685051
16398978074467827931430912
16398978075322597687243067
16398978218923916663685120
16398978230890693245055291
16398980241309158915244032
16398980408844031054426427
16399008554702550437068800
16399010900190760385622331
16399404942210031742615552
16399437779044971022364987
16404954367314770020270080
16405414083003919936762171
16482646318781105907433472
16489082338429204738322747
17660437914383191960170811
229585692886981495482220544
229585692886981495482220558
229585692886981495482220559
229585692886981495482220740
229585692886981495482220755
229585692886981495482223288
229585692886981495482223499
229585692886981495482258960
229585692886981495482261915
229585692886981495482758368
229585692886981495482799739
229585692886981495489750080
229585692886981495490329275
229585692886981495587634048
229585692886981495595742779
229585692886981496958009600
229585692886981497071531835
229585692886981516143267328
229585692886981517732578619
229585692886981784736875520
229585692886981806987233595
229585692886985545047390208
229585692886985856552403259
229585692887038189394595840
229585692887042550464778555
229585692887775210255474688
229585692887836265238032699
229585692898093502307778560
229585692898948272063590715
229585693042549591040032768
229585693054516367621402939
229585695064934833291591680
229585695232469705430774075
229585723378328224813416448
229585725723816434761969979
229586119765835706118963200
229586152602670645398712635
229591669190940444396617728
229592128906629594313109819
229669361142406780283781120
229675797162054879114670395
230757048462935482704068608
230847152738008866336518459
247246130801364687442391355
3214199700417740936751087616
3214199700417740936751087630
3214199700417740936751087631
3214199700417740936751087812
3214199700417740936751087827
3214199700417740936751090360
3214199700417740936751090571
3214199700417740936751126032
3214199700417740936751128987
3214199700417740936751625440
3214199700417740936751666811
3214199700417740936758617152
3214199700417740936759196347
3214199700417740936856501120
3214199700417740936864609851
3214199700417740938226876672
3214199700417740938340398907
3214199700417740957412134400
3214199700417740959001445691
3214199700417741226005742592
3214199700417741248256100667
3214199700417744986316257280
3214199700417745297821270331
3214199700417797630663462912
3214199700417801991733645627
3214199700418534651524341760
3214199700418595706506899771
3214199700428852943576645632
3214199700429707713332457787
3214199700573309032308899840
3214199700585275808890270011
3214199702595694274560458752
3214199702763229146699641147
3214199730909087666082283520
3214199733254575876030837051
3214200127296595147387830272
3214200160133430086667579707
3214205676721699885665484800
3214206136437389035581976891
3214283368673166221552648192
3214289804692814320383537467
3215371055993694923972935680
3215461160268768307605385531
3230598678481096757856960512
3231860138332124128711258427
3461445831219105624193478971
44998795805848373114515226624
44998795805848373114515226638
44998795805848373114515226639
44998795805848373114515226820
44998795805848373114515226835
44998795805848373114515229368
44998795805848373114515229579
44998795805848373114515265040
44998795805848373114515267995
44998795805848373114515764448
44998795805848373114515805819
44998795805848373114522756160
44998795805848373114523335355
44998795805848373114620640128
44998795805848373114628748859
44998795805848373115991015680
44998795805848373116104537915
44998795805848373135176273408
44998795805848373136765584699
44998795805848373403769881600
44998795805848373426020239675
44998795805848377164080396288
44998795805848377475585409339
44998795805848429808427601920
44998795805848434169497784635
44998795805849166829288480768
44998795805849227884271038779
44998795805859485121340784640
44998795805860339891096596795
44998795806003941210073038848
44998795806015907986654409019
44998795808026326452324597760
44998795808193861324463780155
44998795836339719843846422528
44998795838685208053794976059
44998796232727227325151969280
44998796265564062264431718715
44998801782152332063429623808
44998802241868021213346115899
44998879474103798399316787200
44998885910123446498147676475
44999967161424327101737074688
45000057265699400485369524539
45015194783911728935621099520
45016456243762756306475397435
45228381498735354609997447168
45246041936649737801957617979
48460241637067478738708705595
629983141281877223603213172736
629983141281877223603213172750
629983141281877223603213172751
629983141281877223603213172932
629983141281877223603213172947
629983141281877223603213175480
629983141281877223603213175691
629983141281877223603213211152
629983141281877223603213214107
629983141281877223603213710560
629983141281877223603213751931
629983141281877223603220702272
629983141281877223603221281467
629983141281877223603318586240
629983141281877223603326694971
629983141281877223604688961792
629983141281877223604802484027
629983141281877223623874219520
629983141281877223625463530811
629983141281877223892467827712
629983141281877223914718185787
629983141281877227652778342400
629983141281877227964283355451
629983141281877280297125548032
629983141281877284658195730747
629983141281878017317986426880
629983141281878078372968984891
629983141281888335610038730752
629983141281889190379794542907
629983141282032791698770984960
629983141282044758475352355131
629983141284055176941022543872
629983141284222711813161726267
629983141312368570332544368640
629983141314714058542492922171
629983141708756077813849915392
629983141741592912753129664827
629983147258181182552127569920
629983147717896871702044062011
629983224950132648888014733312
629983231386152296986845622587
629984312637453177590435020800
629984402741728250974067470651
629999540259940579424319045632
630000801719791606795173343547
630212726974764205098695393280
630230387412678588290655564091
633197340982294964539964260352
633444587113096329227406651707
678443382918944702341921878331
8819763977946281130444984418304
8819763977946281130444984418318
8819763977946281130444984418319
8819763977946281130444984418500
8819763977946281130444984418515
8819763977946281130444984421048
8819763977946281130444984421259
8819763977946281130444984456720
8819763977946281130444984459675
8819763977946281130444984956128
8819763977946281130444984997499
8819763977946281130444991947840
8819763977946281130444992527035
8819763977946281130445089831808
8819763977946281130445097940539
8819763977946281130446460207360
8819763977946281130446573729595
8819763977946281130465645465088
8819763977946281130467234776379
8819763977946281130734239073280
8819763977946281130756489431355
8819763977946281134494549587968
8819763977946281134806054601019
8819763977946281187138896793600
8819763977946281191499966976315
8819763977946281924159757672448
8819763977946281985214740230459
8819763977946292242451809976320
8819763977946293097221565788475
8819763977946436698540542230528
8819763977946448665317123600699
8819763977948459083782793789440
8819763977948626618654932971835
8819763977976772477174315614208
8819763977979117965384264167739
8819763978373159984655621160960
8819763978405996819594900910395
8819763983922585089393898815488
8819763984382300778543815307579
8819764061614536555729785978880
8819764068050556203828616868155
8819765149301857084432206266368
8819765239406132157815838716219
8819780376924344486266090291200
8819781638384195513636944589115
8819993563639168111940466638848
8820011224077082495132426809659
8822978177646698871381735505920
8823225423777500236069177897275
8864762773752129503559499644928
8868224219583348609183693123899
9498207360865225832786906296635
123476695691247935826229781856256
123476695691247935826229781856270
123476695691247935826229781856271
123476695691247935826229781856452
123476695691247935826229781856467
123476695691247935826229781859000
123476695691247935826229781859211
123476695691247935826229781894672
123476695691247935826229781897627
123476695691247935826229782394080
123476695691247935826229782435451
123476695691247935826229789385792
123476695691247935826229789964987
123476695691247935826229887269760
123476695691247935826229895378491
123476695691247935826231257645312
123476695691247935826231371167547
123476695691247935826250442903040
123476695691247935826252032214331
123476695691247935826519036511232
123476695691247935826541286869307
123476695691247935830279347025920
123476695691247935830590852038971
123476695691247935882923694231552
123476695691247935887284764414267
123476695691247936619944555110400
123476695691247936680999537668411
123476695691247946938236607414272
123476695691247947793006363226427
123476695691248091394325339668480
123476695691248103361101921038651
123476695691250113779567591227392
123476695691250281314439730409787
123476695691278427172959113052160
123476695691280772661169061605691
123476695691674814680440418598912
123476695691707651515379698348347
123476695697224239785178696253440
123476695697683955474328612745531
123476695774916191251514583416832
123476695781352210899613414306107
123476696862603511780217003704320
123476696952707786853600636154171
123476712090225999182050887729152
123476713351685850209421742027067
123476925276940822807725264076800
123476942937378737190917224247611
123479909890948353567166532943872
123480157137079154931853975335227
123521694487053784199344297082880
123525155932885003304968490561851
124106678832529813049832995028992
124155139074166880528571703734587
132974903052113161659016688152891
1728673739677471101567216945987584
1728673739677471101567216945987598
1728673739677471101567216945987599
1728673739677471101567216945987780
1728673739677471101567216945987795
1728673739677471101567216945990328
1728673739677471101567216945990539
1728673739677471101567216946026000
1728673739677471101567216946028955
1728673739677471101567216946525408
1728673739677471101567216946566779
1728673739677471101567216953517120
1728673739677471101567216954096315
1728673739677471101567217051401088
1728673739677471101567217059509819
1728673739677471101567218421776640
1728673739677471101567218535298875
1728673739677471101567237607034368
1728673739677471101567239196345659
1728673739677471101567506200642560
1728673739677471101567528451000635
1728673739677471101571266511157248
1728673739677471101571578016170299
1728673739677471101623910858362880
1728673739677471101628271928545595
1728673739677471102360931719241728
1728673739677471102421986701799739
1728673739677471112679223771545600
1728673739677471113533993527357755
1728673739677471257135312503799808
1728673739677471269102089085169979
1728673739677473279520554755358720
1728673739677473447055426894541115
1728673739677501592913946277183488
1728673739677503938402156225737019
1728673739677897980421427582730240
1728673739677930817256366862479675
1728673739683447405526165860384768
1728673739683907121215315776876859
1728673739761139356992501747548160
1728673739767575376640600578437435
1728673740848826677521204167835648
1728673740938930952594587800285499
1728673756076449164923038051860480
1728673757337909015950408906158395
1728673969263163988548712428208128
1728673986923601902931904388378939
1728676953877171519308153697075200
1728677201123302320672841139466555
1728718738473276949940331461214208
1728722199919108169045955654693179
1729303722818752978790820159160320
1729352183060390046269558867865915
1737493503655417382697661930405888
1738171947038336327400003852284219
1861648642729584263226233634140475
24201432355484595421941037243826176
24201432355484595421941037243826190
24201432355484595421941037243826191
24201432355484595421941037243826372
24201432355484595421941037243826387
24201432355484595421941037243828920
24201432355484595421941037243829131
24201432355484595421941037243864592
24201432355484595421941037243867547
24201432355484595421941037244364000
24201432355484595421941037244405371
24201432355484595421941037251355712
24201432355484595421941037251934907
24201432355484595421941037349239680
24201432355484595421941037357348411
24201432355484595421941038719615232
24201432355484595421941038833137467
24201432355484595421941057904872960
24201432355484595421941059494184251
24201432355484595421941326498481152
24201432355484595421941348748839227
24201432355484595421945086808995840
24201432355484595421945398314008891
24201432355484595421997731156201472
24201432355484595422002092226384187
24201432355484595422734752017080320
24201432355484595422795806999638331
24201432355484595433053044069384192
24201432355484595433907813825196347
24201432355484595577509132801638400
24201432355484595589475909383008571
24201432355484597599894375053197312
24201432355484597767429247192379707
24201432355484625913287766575022080
24201432355484628258775976523575611
24201432355485022300795247880568832
24201432355485055137630187160318267
24201432355490571725899986158223360
24201432355491031441589136074715451
24201432355568263677366322045386752
24201432355574699697014420876276027
24201432356655950997895024465674240
24201432356746055272968408098124091
24201432371883573485296858349699072
24201432373145033336324229203996987
24201432585070288308922532726046720
24201432602730726223305724686217531
24201435569684295839681973994913792
24201435816930426641046661437305147
24201477354280401270314151759052800
24201480815726232489419775952531771
24202062338625877299164640456998912
24202110798867514366643379165704507
24210252119462541703071482228244480
24210930562845460647773824150122811
24324909051175843357767267025682432
24334407258536708583600053931979067
26063080998214179685167270877966651
338820052976784335907174521413566464
338820052976784335907174521413566478
338820052976784335907174521413566479
338820052976784335907174521413566660
338820052976784335907174521413566675
338820052976784335907174521413569208
338820052976784335907174521413569419
338820052976784335907174521413604880
338820052976784335907174521413607835
338820052976784335907174521414104288
338820052976784335907174521414145659
338820052976784335907174521421096000
338820052976784335907174521421675195
338820052976784335907174521518979968
338820052976784335907174521527088699
338820052976784335907174522889355520
338820052976784335907174523002877755
338820052976784335907174542074613248
338820052976784335907174543663924539
338820052976784335907174810668221440
338820052976784335907174832918579515
338820052976784335907178570978736128
338820052976784335907178882483749179
338820052976784335907231215325941760
338820052976784335907235576396124475
338820052976784335907968236186820608
338820052976784335908029291169378619
338820052976784335918286528239124480
338820052976784335919141297994936635
338820052976784336062742616971378688
338820052976784336074709393552748859
338820052976784338085127859222937600
338820052976784338252662731362119995
338820052976784366398521250744762368
338820052976784368744009460693315899
338820052976784762786028732050309120
338820052976784795622863671330058555
338820052976790312211133470327963648
338820052976790771926822620244455739
338820052976868004162599806215127040
338820052976874440182247905046016315
338820052977955691483128508635414528
338820052978045795758201892267864379
338820052993183313970530342519439360
338820052994444773821557713373737275
338820053206370028794156016895787008
338820053224030466708539208855957819
338820056190984036324915458164654080
338820056438230167126280145607045435
338820097975580141755547635928793088
338820101437025972974653260122272059
338820682959925617784398124626739200
338820731420167254851876863335444795
338828872740762282188304966397984768
338829551184145201133007308319863099
338943529672475583843000751195422720
338953027879836449068833538101719355
340548726716461807008741738359554048
340681701619513920170400755047706939
364883133974998515592341792291533115
4743480741674980702700443299789930496
4743480741674980702700443299789930510
4743480741674980702700443299789930511
4743480741674980702700443299789930692
4743480741674980702700443299789930707
4743480741674980702700443299789933240
4743480741674980702700443299789933451
4743480741674980702700443299789968912
4743480741674980702700443299789971867
4743480741674980702700443299790468320
4743480741674980702700443299790509691
4743480741674980702700443299797460032
4743480741674980702700443299798039227
4743480741674980702700443299895344000
4743480741674980702700443299903452731
4743480741674980702700443301265719552
4743480741674980702700443301379241787
4743480741674980702700443320450977280
4743480741674980702700443322040288571
4743480741674980702700443589044585472
4743480741674980702700443611294943547
4743480741674980702700447349355100160
4743480741674980702700447660860113211
4743480741674980702700499993702305792
4743480741674980702700504354772488507
4743480741674980702701237014563184640
4743480741674980702701298069545742651
4743480741674980702711555306615488512
4743480741674980702712410076371300667
4743480741674980702856011395347742720
4743480741674980702867978171929112891
4743480741674980704878396637599301632
4743480741674980705045931509738484027
4743480741674980733191790029121126400
4743480741674980735537278239069679931
4743480741674981129579297510426673152
4743480741674981162416132449706422587
4743480741674986679004402248704327680
4743480741674987138720091398620819771
4743480741675064370955868584591491072
4743480741675070806975516683422380347
4743480741676152058276397287011778560
4743480741676242162551470670644228411
4743480741691379680763799120895803392
4743480741692641140614826491750101307
4743480741904566395587424795272151040
4743480741922226833501807987232321851
4743480744889180403118184236541018112
4743480745136426533919548923983409467
4743480786673776508548816414305157120
4743480790135222339767922038498636091
4743481371658121984577666903003103232
4743481420118363621645145641711808827
4743489561438958648981573744774348800
4743490239882341567926276086696227131
4743604218370671950636269529571786752
4743613716578032815862102316478083387
4745209415414658173802010516735918080
4745342390317710286963669533424070971
4767682174030465298122384337033756672
4769543822673194882385610570667897147
5108363875649979218292785092081463611
66408730383449729837806206197059026944
66408730383449729837806206197059026958
66408730383449729837806206197059026959
66408730383449729837806206197059027140
66408730383449729837806206197059027155
66408730383449729837806206197059029688
66408730383449729837806206197059029899
66408730383449729837806206197059065360
66408730383449729837806206197059068315
66408730383449729837806206197059564768
66408730383449729837806206197059606139
66408730383449729837806206197066556480
66408730383449729837806206197067135675
66408730383449729837806206197164440448
66408730383449729837806206197172549179
66408730383449729837806206198534816000
66408730383449729837806206198648338235
66408730383449729837806206217720073728
66408730383449729837806206219309385019
66408730383449729837806206486313681920
66408730383449729837806206508564039995
66408730383449729837806210246624196608
66408730383449729837806210558129209659
66408730383449729837806262890971402240
66408730383449729837806267252041584955
66408730383449729837806999911832281088
66408730383449729837807060966814839099
66408730383449729837817318203884584960
66408730383449729837818172973640397115
66408730383449729837961774292616839168
66408730383449729837973741069198209339
66408730383449729839984159534868398080
66408730383449729840151694407007580475
66408730383449729868297552926390222848
66408730383449729870643041136338776379
66408730383449730264685060407695769600
66408730383449730297521895346975519035
66408730383449735814110165145973424128
66408730383449736273825854295889916219
66408730383449813506061631481860587520
66408730383449819942081279580691476795
66408730383450901193382160184280875008
66408730383450991297657233567913324859
66408730383466128815869562018164899840
66408730383467390275720589389019197755
66408730383679315530693187692541247488
66408730383696975968607570884501418299
66408730386663929538223947133810114560
66408730386911175669025311821252505915
66408730428448525643654579311574253568
66408730431909971474873684935767732539
66408731013432871119683429800272199680
66408731061893112756750908538980905275
66408739203213707784087336642043445248
66408739881657090703032038983965323579
66408853860145421085742032426840883200
66408863358352781950967865213747179835
66410459057189407308907773414005014528
66410592032092459422069432430693167419
66432931815805214433228147234302853120
66434793464447944017491373467936993595
66747550436426514173713380718472593408
66773613517424728353398547989350560059
71517094259099709056098991289140490555
