100
111
1000
1010
1011
1111
10000
10010
10011
10100
10111
11111
100000
100010
100011
100100
100111
101000
101111
111111
1000000
1000010
1000011
1000100
1000111
1001000
1001111
1010000
1011111
1111111
10000000
10000010
10000011
10000100
10000111
10001000
10001111
10010000
10011111
10100000
10111111
11111111
100000000
100000010
100000011
100000100
100000111
100001000
100001111
100010000
100011111
100100000
100111111
101000000
101111111
111111111
1000000000
1000000010
1000000011
1000000100
1000000111
1000001000
1000001111
1000010000
1000011111
1000100000
1000111111
1001000000
1001111111
1010000000
1011111111
1111111111
10000000000
10000000010
10000000011
10000000100
10000000111
10000001000
10000001111
10000010000
10000011111
10000100000
10000111111
10001000000
10001111111
10010000000
10011111111
10100000000
10111111111
11111111111
100000000000
100000000010
100000000011
100000000100
100000000111
100000001000
100000001111
100000010000
100000011111
100000100000
100000111111
100001000000
100001111111
100010000000
100011111111
100100000000
100111111111
101000000000
101111111111
111111111111
1000000000000
1000000000010
1000000000011
1000000000100
1000000000111
1000000001000
1000000001111
1000000010000
1000000011111
1000000100000
1000000111111
1000001000000
1000001111111
1000010000000
1000011111111
1000100000000
1000111111111
1001000000000
1001111111111
1010000000000
1011111111111
1111111111111
10000000000000
10000000000010
10000000000011
10000000000100
10000000000111
10000000001000
10000000001111
10000000010000
10000000011111
10000000100000
10000000111111
10000001000000
10000001111111
10000010000000
10000011111111
10000100000000
10000111111111
10001000000000
10001111111111
10010000000000
10011111111111
10100000000000
10111111111111
11111111111111
100000000000000
100000000000010
100000000000011
100000000000100
100000000000111
100000000001000
100000000001111
100000000010000
100000000011111
100000000100000
100000000111111
100000001000000
100000001111111
100000010000000
100000011111111
100000100000000
100000111111111
100001000000000
100001111111111
100010000000000
100011111111111
100100000000000
100111111111111
101000000000000
101111111111111
111111111111111
1000000000000000
1000000000000010
1000000000000011
1000000000000100
1000000000000111
1000000000001000
1000000000001111
1000000000010000
1000000000011111
1000000000100000
1000000000111111
1000000001000000
1000000001111111
1000000010000000
1000000011111111
1000000100000000
1000000111111111
1000001000000000
1000001111111111
1000010000000000
1000011111111111
1000100000000000
1000111111111111
1001000000000000
1001111111111111
1010000000000000
1011111111111111
1111111111111111
10000000000000000
10000000000000010
10000000000000011
10000000000000100
10000000000000111
10000000000001000
10000000000001111
10000000000010000
10000000000011111
10000000000100000
10000000000111111
10000000001000000
10000000001111111
10000000010000000
10000000011111111
10000000100000000
10000000111111111
10000001000000000
10000001111111111
10000010000000000
10000011111111111
10000100000000000
10000111111111111
10001000000000000
10001111111111111
10010000000000000
10011111111111111
10100000000000000
10111111111111111
11111111111111111
100000000000000000
100000000000000010
100000000000000011
100000000000000100
100000000000000111
100000000000001000
100000000000001111
100000000000010000
100000000000011111
100000000000100000
100000000000111111
100000000001000000
100000000001111111
100000000010000000
100000000011111111
100000000100000000
100000000111111111
100000001000000000
100000001111111111
100000010000000000
100000011111111111
100000100000000000
100000111111111111
100001000000000000
100001111111111111
100010000000000000
100011111111111111
100100000000000000
100111111111111111
101000000000000000
101111111111111111
111111111111111111
1000000000000000000
1000000000000000010
1000000000000000011
1000000000000000100
1000000000000000111
1000000000000001000
1000000000000001111
1000000000000010000
1000000000000011111
1000000000000100000
1000000000000111111
1000000000001000000
1000000000001111111
1000000000010000000
1000000000011111111
1000000000100000000
1000000000111111111
1000000001000000000
1000000001111111111
1000000010000000000
1000000011111111111
1000000100000000000
1000000111111111111
1000001000000000000
1000001111111111111
1000010000000000000
1000011111111111111
1000100000000000000
1000111111111111111
1001000000000000000
1001111111111111111
1010000000000000000
1011111111111111111
1111111111111111111
10000000000000000000
10000000000000000010
10000000000000000011
10000000000000000100
10000000000000000111
10000000000000001000
10000000000000001111
10000000000000010000
10000000000000011111
10000000000000100000
10000000000000111111
10000000000001000000
10000000000001111111
10000000000010000000
10000000000011111111
10000000000100000000
10000000000111111111
10000000001000000000
10000000001111111111
10000000010000000000
10000000011111111111
10000000100000000000
10000000111111111111
10000001000000000000
10000001111111111111
10000010000000000000
10000011111111111111
10000100000000000000
10000111111111111111
10001000000000000000
10001111111111111111
10010000000000000000
10011111111111111111
10100000000000000000
10111111111111111111
11111111111111111111
100000000000000000000
100000000000000000010
100000000000000000011
100000000000000000100
100000000000000000111
100000000000000001000
100000000000000001111
100000000000000010000
100000000000000011111
100000000000000100000
100000000000000111111
100000000000001000000
100000000000001111111
100000000000010000000
100000000000011111111
100000000000100000000
100000000000111111111
100000000001000000000
100000000001111111111
100000000010000000000
100000000011111111111
100000000100000000000
100000000111111111111
100000001000000000000
100000001111111111111
100000010000000000000
100000011111111111111
100000100000000000000
100000111111111111111
100001000000000000000
100001111111111111111
100010000000000000000
100011111111111111111
100100000000000000000
100111111111111111111
101000000000000000000
101111111111111111111
111111111111111111111
1000000000000000000000
1000000000000000000010
1000000000000000000011
1000000000000000000100
1000000000000000000111
1000000000000000001000
1000000000000000001111
1000000000000000010000
1000000000000000011111
1000000000000000100000
1000000000000000111111
1000000000000001000000
1000000000000001111111
1000000000000010000000
1000000000000011111111
1000000000000100000000
1000000000000111111111
1000000000001000000000
1000000000001111111111
1000000000010000000000
1000000000011111111111
1000000000100000000000
1000000000111111111111
1000000001000000000000
1000000001111111111111
1000000010000000000000
1000000011111111111111
1000000100000000000000
1000000111111111111111
1000001000000000000000
1000001111111111111111
1000010000000000000000
1000011111111111111111
1000100000000000000000
1000111111111111111111
1001000000000000000000
1001111111111111111111
1010000000000000000000
1011111111111111111111
1111111111111111111111
10000000000000000000000
10000000000000000000010
10000000000000000000011
10000000000000000000100
10000000000000000000111
10000000000000000001000
10000000000000000001111
10000000000000000010000
10000000000000000011111
10000000000000000100000
10000000000000000111111
10000000000000001000000
10000000000000001111111
10000000000000010000000
10000000000000011111111
10000000000000100000000
10000000000000111111111
10000000000001000000000
10000000000001111111111
10000000000010000000000
10000000000011111111111
10000000000100000000000
10000000000111111111111
10000000001000000000000
10000000001111111111111
10000000010000000000000
10000000011111111111111
10000000100000000000000
10000000111111111111111
10000001000000000000000
10000001111111111111111
10000010000000000000000
10000011111111111111111
10000100000000000000000
10000111111111111111111
10001000000000000000000
10001111111111111111111
10010000000000000000000
10011111111111111111111
10100000000000000000000
10111111111111111111111
11111111111111111111111
100000000000000000000000
100000000000000000000010
100000000000000000000011
100000000000000000000100
100000000000000000000111
100000000000000000001000
100000000000000000001111
100000000000000000010000
100000000000000000011111
100000000000000000100000
100000000000000000111111
100000000000000001000000
100000000000000001111111
100000000000000010000000
100000000000000011111111
100000000000000100000000
100000000000000111111111
100000000000001000000000
100000000000001111111111
100000000000010000000000
100000000000011111111111
100000000000100000000000
100000000000111111111111
100000000001000000000000
100000000001111111111111
100000000010000000000000
100000000011111111111111
100000000100000000000000
100000000111111111111111
100000001000000000000000
100000001111111111111111
100000010000000000000000
100000011111111111111111
100000100000000000000000
100000111111111111111111
100001000000000000000000
100001111111111111111111
100010000000000000000000
100011111111111111111111
100100000000000000000000
100111111111111111111111
101000000000000000000000
101111111111111111111111
111111111111111111111111
1000000000000000000000000
1000000000000000000000010
1000000000000000000000011
1000000000000000000000100
1000000000000000000000111
1000000000000000000001000
1000000000000000000001111
1000000000000000000010000
1000000000000000000011111
1000000000000000000100000
1000000000000000000111111
1000000000000000001000000
1000000000000000001111111
1000000000000000010000000
1000000000000000011111111
1000000000000000100000000
1000000000000000111111111
1000000000000001000000000
1000000000000001111111111
1000000000000010000000000
1000000000000011111111111
1000000000000100000000000
1000000000000111111111111
1000000000001000000000000
1000000000001111111111111
1000000000010000000000000
1000000000011111111111111
1000000000100000000000000
1000000000111111111111111
1000000001000000000000000
1000000001111111111111111
1000000010000000000000000
1000000011111111111111111
1000000100000000000000000
1000000111111111111111111
1000001000000000000000000
1000001111111111111111111
1000010000000000000000000
1000011111111111111111111
1000100000000000000000000
1000111111111111111111111
1001000000000000000000000
1001111111111111111111111
1010000000000000000000000
1011111111111111111111111
1111111111111111111111111
10000000000000000000000000
10000000000000000000000010
10000000000000000000000011
10000000000000000000000100
10000000000000000000000111
10000000000000000000001000
10000000000000000000001111
10000000000000000000010000
10000000000000000000011111
10000000000000000000100000
10000000000000000000111111
10000000000000000001000000
10000000000000000001111111
10000000000000000010000000
10000000000000000011111111
10000000000000000100000000
10000000000000000111111111
10000000000000001000000000
10000000000000001111111111
10000000000000010000000000
10000000000000011111111111
10000000000000100000000000
10000000000000111111111111
10000000000001000000000000
10000000000001111111111111
10000000000010000000000000
10000000000011111111111111
10000000000100000000000000
10000000000111111111111111
10000000001000000000000000
10000000001111111111111111
10000000010000000000000000
10000000011111111111111111
10000000100000000000000000
10000000111111111111111111
10000001000000000000000000
10000001111111111111111111
10000010000000000000000000
10000011111111111111111111
10000100000000000000000000
10000111111111111111111111
10001000000000000000000000
10001111111111111111111111
10010000000000000000000000
10011111111111111111111111
10100000000000000000000000
10111111111111111111111111
11111111111111111111111111
100000000000000000000000000
100000000000000000000000010
100000000000000000000000011
100000000000000000000000100
100000000000000000000000111
100000000000000000000001000
100000000000000000000001111
100000000000000000000010000
100000000000000000000011111
100000000000000000000100000
100000000000000000000111111
100000000000000000001000000
100000000000000000001111111
100000000000000000010000000
100000000000000000011111111
100000000000000000100000000
100000000000000000111111111
100000000000000001000000000
100000000000000001111111111
100000000000000010000000000
100000000000000011111111111
100000000000000100000000000
100000000000000111111111111
100000000000001000000000000
100000000000001111111111111
100000000000010000000000000
100000000000011111111111111
100000000000100000000000000
100000000000111111111111111
100000000001000000000000000
100000000001111111111111111
100000000010000000000000000
100000000011111111111111111
100000000100000000000000000
100000000111111111111111111
100000001000000000000000000
100000001111111111111111111
100000010000000000000000000
100000011111111111111111111
100000100000000000000000000
100000111111111111111111111
100001000000000000000000000
100001111111111111111111111
100010000000000000000000000
100011111111111111111111111
100100000000000000000000000
100111111111111111111111111
101000000000000000000000000
101111111111111111111111111
111111111111111111111111111
1000000000000000000000000000
1000000000000000000000000010
1000000000000000000000000011
1000000000000000000000000100
1000000000000000000000000111
1000000000000000000000001000
1000000000000000000000001111
1000000000000000000000010000
1000000000000000000000011111
1000000000000000000000100000
1000000000000000000000111111
1000000000000000000001000000
1000000000000000000001111111
1000000000000000000010000000
1000000000000000000011111111
1000000000000000000100000000
1000000000000000000111111111
1000000000000000001000000000
1000000000000000001111111111
1000000000000000010000000000
1000000000000000011111111111
1000000000000000100000000000
1000000000000000111111111111
1000000000000001000000000000
1000000000000001111111111111
1000000000000010000000000000
1000000000000011111111111111
1000000000000100000000000000
1000000000000111111111111111
1000000000001000000000000000
1000000000001111111111111111
1000000000010000000000000000
1000000000011111111111111111
1000000000100000000000000000
1000000000111111111111111111
1000000001000000000000000000
1000000001111111111111111111
1000000010000000000000000000
1000000011111111111111111111
1000000100000000000000000000
1000000111111111111111111111
1000001000000000000000000000
1000001111111111111111111111
1000010000000000000000000000
1000011111111111111111111111
1000100000000000000000000000
1000111111111111111111111111
1001000000000000000000000000
1001111111111111111111111111
1010000000000000000000000000
1011111111111111111111111111
1111111111111111111111111111
10000000000000000000000000000
10000000000000000000000000010
10000000000000000000000000011
10000000000000000000000000100
10000000000000000000000000111
10000000000000000000000001000
10000000000000000000000001111
10000000000000000000000010000
10000000000000000000000011111
10000000000000000000000100000
10000000000000000000000111111
10000000000000000000001000000
10000000000000000000001111111
10000000000000000000010000000
10000000000000000000011111111
10000000000000000000100000000
10000000000000000000111111111
10000000000000000001000000000
10000000000000000001111111111
10000000000000000010000000000
10000000000000000011111111111
10000000000000000100000000000
10000000000000000111111111111
10000000000000001000000000000
10000000000000001111111111111
10000000000000010000000000000
10000000000000011111111111111
10000000000000100000000000000
10000000000000111111111111111
10000000000001000000000000000
10000000000001111111111111111
10000000000010000000000000000
10000000000011111111111111111
10000000000100000000000000000
10000000000111111111111111111
10000000001000000000000000000
10000000001111111111111111111
10000000010000000000000000000
10000000011111111111111111111
10000000100000000000000000000
10000000111111111111111111111
10000001000000000000000000000
10000001111111111111111111111
10000010000000000000000000000
10000011111111111111111111111
10000100000000000000000000000
10000111111111111111111111111
10001000000000000000000000000
10001111111111111111111111111
10010000000000000000000000000
10011111111111111111111111111
10100000000000000000000000000
10111111111111111111111111111
11111111111111111111111111111
100000000000000000000000000000
100000000000000000000000000010
100000000000000000000000000011
100000000000000000000000000100
100000000000000000000000000111
100000000000000000000000001000
100000000000000000000000001111
100000000000000000000000010000
100000000000000000000000011111
100000000000000000000000100000
100000000000000000000000111111
100000000000000000000001000000
100000000000000000000001111111
100000000000000000000010000000
100000000000000000000011111111
100000000000000000000100000000
100000000000000000000111111111
100000000000000000001000000000
100000000000000000001111111111
100000000000000000010000000000
100000000000000000011111111111
100000000000000000100000000000
100000000000000000111111111111
100000000000000001000000000000
100000000000000001111111111111
100000000000000010000000000000
100000000000000011111111111111
100000000000000100000000000000
100000000000000111111111111111
100000000000001000000000000000
100000000000001111111111111111
100000000000010000000000000000
100000000000011111111111111111
100000000000100000000000000000
100000000000111111111111111111
100000000001000000000000000000
100000000001111111111111111111
100000000010000000000000000000
100000000011111111111111111111
100000000100000000000000000000
100000000111111111111111111111
100000001000000000000000000000
100000001111111111111111111111
100000010000000000000000000000
100000011111111111111111111111
100000100000000000000000000000
100000111111111111111111111111
100001000000000000000000000000
100001111111111111111111111111
100010000000000000000000000000
100011111111111111111111111111
100100000000000000000000000000
100111111111111111111111111111
101000000000000000000000000000
101111111111111111111111111111
111111111111111111111111111111
1000000000000000000000000000000
1000000000000000000000000000010
1000000000000000000000000000011
1000000000000000000000000000100
1000000000000000000000000000111
1000000000000000000000000001000
1000000000000000000000000001111
1000000000000000000000000010000
1000000000000000000000000011111
1000000000000000000000000100000
1000000000000000000000000111111
1000000000000000000000001000000
1000000000000000000000001111111
1000000000000000000000010000000
1000000000000000000000011111111
1000000000000000000000100000000
1000000000000000000000111111111
1000000000000000000001000000000
1000000000000000000001111111111
1000000000000000000010000000000
1000000000000000000011111111111
1000000000000000000100000000000
1000000000000000000111111111111
1000000000000000001000000000000
1000000000000000001111111111111
1000000000000000010000000000000
1000000000000000011111111111111
1000000000000000100000000000000
1000000000000000111111111111111
1000000000000001000000000000000
1000000000000001111111111111111
1000000000000010000000000000000
1000000000000011111111111111111
1000000000000100000000000000000
1000000000000111111111111111111
1000000000001000000000000000000
1000000000001111111111111111111
1000000000010000000000000000000
1000000000011111111111111111111
1000000000100000000000000000000
1000000000111111111111111111111
1000000001000000000000000000000
1000000001111111111111111111111
1000000010000000000000000000000
1000000011111111111111111111111
1000000100000000000000000000000
1000000111111111111111111111111
1000001000000000000000000000000
1000001111111111111111111111111
1000010000000000000000000000000
1000011111111111111111111111111
1000100000000000000000000000000
1000111111111111111111111111111
1001000000000000000000000000000
1001111111111111111111111111111
1010000000000000000000000000000
1011111111111111111111111111111
1111111111111111111111111111111
10000000000000000000000000000000
10000000000000000000000000000010
10000000000000000000000000000011
10000000000000000000000000000100
10000000000000000000000000000111
10000000000000000000000000001000
10000000000000000000000000001111
10000000000000000000000000010000
10000000000000000000000000011111
10000000000000000000000000100000
10000000000000000000000000111111
10000000000000000000000001000000
10000000000000000000000001111111
10000000000000000000000010000000
10000000000000000000000011111111
10000000000000000000000100000000
10000000000000000000000111111111
10000000000000000000001000000000
10000000000000000000001111111111
10000000000000000000010000000000
10000000000000000000011111111111
10000000000000000000100000000000
10000000000000000000111111111111
10000000000000000001000000000000
10000000000000000001111111111111
10000000000000000010000000000000
10000000000000000011111111111111
10000000000000000100000000000000
10000000000000000111111111111111
10000000000000001000000000000000
10000000000000001111111111111111
10000000000000010000000000000000
10000000000000011111111111111111
10000000000000100000000000000000
10000000000000111111111111111111
10000000000001000000000000000000
10000000000001111111111111111111
10000000000010000000000000000000
10000000000011111111111111111111
10000000000100000000000000000000
10000000000111111111111111111111
10000000001000000000000000000000
10000000001111111111111111111111
10000000010000000000000000000000
10000000011111111111111111111111
10000000100000000000000000000000
10000000111111111111111111111111
10000001000000000000000000000000
10000001111111111111111111111111
10000010000000000000000000000000
10000011111111111111111111111111
10000100000000000000000000000000
10000111111111111111111111111111
10001000000000000000000000000000
10001111111111111111111111111111
10010000000000000000000000000000
10011111111111111111111111111111
10100000000000000000000000000000
10111111111111111111111111111111
11111111111111111111111111111111
100000000000000000000000000000000
100000000000000000000000000000010
100000000000000000000000000000011
100000000000000000000000000000100
100000000000000000000000000000111
100000000000000000000000000001000
100000000000000000000000000001111
100000000000000000000000000010000
100000000000000000000000000011111
100000000000000000000000000100000
100000000000000000000000000111111
100000000000000000000000001000000
100000000000000000000000001111111
100000000000000000000000010000000
100000000000000000000000011111111
100000000000000000000000100000000
100000000000000000000000111111111
100000000000000000000001000000000
100000000000000000000001111111111
100000000000000000000010000000000
100000000000000000000011111111111
100000000000000000000100000000000
100000000000000000000111111111111
100000000000000000001000000000000
100000000000000000001111111111111
100000000000000000010000000000000
100000000000000000011111111111111
100000000000000000100000000000000
100000000000000000111111111111111
100000000000000001000000000000000
100000000000000001111111111111111
100000000000000010000000000000000
100000000000000011111111111111111
100000000000000100000000000000000
100000000000000111111111111111111
100000000000001000000000000000000
100000000000001111111111111111111
100000000000010000000000000000000
100000000000011111111111111111111
100000000000100000000000000000000
100000000000111111111111111111111
100000000001000000000000000000000
100000000001111111111111111111111
100000000010000000000000000000000
100000000011111111111111111111111
100000000100000000000000000000000
100000000111111111111111111111111
100000001000000000000000000000000
100000001111111111111111111111111
100000010000000000000000000000000
100000011111111111111111111111111
100000100000000000000000000000000
100000111111111111111111111111111
100001000000000000000000000000000
100001111111111111111111111111111
100010000000000000000000000000000
100011111111111111111111111111111
100100000000000000000000000000000
100111111111111111111111111111111
101000000000000000000000000000000
101111111111111111111111111111111
111111111111111111111111111111111
1000000000000000000000000000000000
1000000000000000000000000000000010
1000000000000000000000000000000011
1000000000000000000000000000000100
1000000000000000000000000000000111
1000000000000000000000000000001000
1000000000000000000000000000001111
1000000000000000000000000000010000
1000000000000000000000000000011111
1000000000000000000000000000100000
1000000000000000000000000000111111
1000000000000000000000000001000000
1000000000000000000000000001111111
1000000000000000000000000010000000
1000000000000000000000000011111111
1000000000000000000000000100000000
1000000000000000000000000111111111
1000000000000000000000001000000000
1000000000000000000000001111111111
1000000000000000000000010000000000
1000000000000000000000011111111111
1000000000000000000000100000000000
1000000000000000000000111111111111
1000000000000000000001000000000000
1000000000000000000001111111111111
1000000000000000000010000000000000
1000000000000000000011111111111111
1000000000000000000100000000000000
1000000000000000000111111111111111
1000000000000000001000000000000000
1000000000000000001111111111111111
1000000000000000010000000000000000
1000000000000000011111111111111111
1000000000000000100000000000000000
1000000000000000111111111111111111
1000000000000001000000000000000000
1000000000000001111111111111111111
1000000000000010000000000000000000
1000000000000011111111111111111111
1000000000000100000000000000000000
1000000000000111111111111111111111
1000000000001000000000000000000000
1000000000001111111111111111111111
1000000000010000000000000000000000
1000000000011111111111111111111111
1000000000100000000000000000000000
1000000000111111111111111111111111
1000000001000000000000000000000000
1000000001111111111111111111111111
1000000010000000000000000000000000
1000000011111111111111111111111111
1000000100000000000000000000000000
1000000111111111111111111111111111
1000001000000000000000000000000000
1000001111111111111111111111111111
1000010000000000000000000000000000
1000011111111111111111111111111111
1000100000000000000000000000000000
1000111111111111111111111111111111
1001000000000000000000000000000000
1001111111111111111111111111111111
1010000000000000000000000000000000
1011111111111111111111111111111111
1111111111111111111111111111111111
10000000000000000000000000000000000
10000000000000000000000000000000010
10000000000000000000000000000000011
10000000000000000000000000000000100
10000000000000000000000000000000111
10000000000000000000000000000001000
10000000000000000000000000000001111
10000000000000000000000000000010000
10000000000000000000000000000011111
10000000000000000000000000000100000
10000000000000000000000000000111111
10000000000000000000000000001000000
10000000000000000000000000001111111
10000000000000000000000000010000000
10000000000000000000000000011111111
10000000000000000000000000100000000
10000000000000000000000000111111111
10000000000000000000000001000000000
10000000000000000000000001111111111
10000000000000000000000010000000000
10000000000000000000000011111111111
10000000000000000000000100000000000
10000000000000000000000111111111111
10000000000000000000001000000000000
10000000000000000000001111111111111
10000000000000000000010000000000000
10000000000000000000011111111111111
10000000000000000000100000000000000
10000000000000000000111111111111111
10000000000000000001000000000000000
10000000000000000001111111111111111
10000000000000000010000000000000000
10000000000000000011111111111111111
10000000000000000100000000000000000
10000000000000000111111111111111111
10000000000000001000000000000000000
10000000000000001111111111111111111
10000000000000010000000000000000000
10000000000000011111111111111111111
10000000000000100000000000000000000
10000000000000111111111111111111111
10000000000001000000000000000000000
10000000000001111111111111111111111
10000000000010000000000000000000000
10000000000011111111111111111111111
10000000000100000000000000000000000
10000000000111111111111111111111111
10000000001000000000000000000000000
10000000001111111111111111111111111
10000000010000000000000000000000000
10000000011111111111111111111111111
10000000100000000000000000000000000
10000000111111111111111111111111111
10000001000000000000000000000000000
10000001111111111111111111111111111
10000010000000000000000000000000000
10000011111111111111111111111111111
10000100000000000000000000000000000
10000111111111111111111111111111111
10001000000000000000000000000000000
10001111111111111111111111111111111
10010000000000000000000000000000000
10011111111111111111111111111111111
10100000000000000000000000000000000
10111111111111111111111111111111111
11111111111111111111111111111111111
100000000000000000000000000000000000
100000000000000000000000000000000010
100000000000000000000000000000000011
100000000000000000000000000000000100
100000000000000000000000000000000111
100000000000000000000000000000001000
100000000000000000000000000000001111
100000000000000000000000000000010000
100000000000000000000000000000011111
100000000000000000000000000000100000
100000000000000000000000000000111111
100000000000000000000000000001000000
100000000000000000000000000001111111
100000000000000000000000000010000000
100000000000000000000000000011111111
100000000000000000000000000100000000
100000000000000000000000000111111111
100000000000000000000000001000000000
100000000000000000000000001111111111
100000000000000000000000010000000000
100000000000000000000000011111111111
100000000000000000000000100000000000
100000000000000000000000111111111111
100000000000000000000001000000000000
100000000000000000000001111111111111
100000000000000000000010000000000000
100000000000000000000011111111111111
100000000000000000000100000000000000
100000000000000000000111111111111111
100000000000000000001000000000000000
100000000000000000001111111111111111
100000000000000000010000000000000000
100000000000000000011111111111111111
100000000000000000100000000000000000
100000000000000000111111111111111111
100000000000000001000000000000000000
100000000000000001111111111111111111
100000000000000010000000000000000000
100000000000000011111111111111111111
100000000000000100000000000000000000
100000000000000111111111111111111111
100000000000001000000000000000000000
100000000000001111111111111111111111
100000000000010000000000000000000000
100000000000011111111111111111111111
100000000000100000000000000000000000
100000000000111111111111111111111111
100000000001000000000000000000000000
100000000001111111111111111111111111
100000000010000000000000000000000000
100000000011111111111111111111111111
100000000100000000000000000000000000
100000000111111111111111111111111111
100000001000000000000000000000000000
100000001111111111111111111111111111
100000010000000000000000000000000000
100000011111111111111111111111111111
100000100000000000000000000000000000
100000111111111111111111111111111111
100001000000000000000000000000000000
100001111111111111111111111111111111
100010000000000000000000000000000000
100011111111111111111111111111111111
100100000000000000000000000000000000
100111111111111111111111111111111111
101000000000000000000000000000000000
101111111111111111111111111111111111
111111111111111111111111111111111111
1000000000000000000000000000000000000
1000000000000000000000000000000000010
1000000000000000000000000000000000011
1000000000000000000000000000000000100
1000000000000000000000000000000000111
1000000000000000000000000000000001000
1000000000000000000000000000000001111
1000000000000000000000000000000010000
1000000000000000000000000000000011111
1000000000000000000000000000000100000
1000000000000000000000000000000111111
1000000000000000000000000000001000000
1000000000000000000000000000001111111
1000000000000000000000000000010000000
1000000000000000000000000000011111111
1000000000000000000000000000100000000
1000000000000000000000000000111111111
1000000000000000000000000001000000000
1000000000000000000000000001111111111
1000000000000000000000000010000000000
1000000000000000000000000011111111111
1000000000000000000000000100000000000
1000000000000000000000000111111111111
1000000000000000000000001000000000000
1000000000000000000000001111111111111
1000000000000000000000010000000000000
1000000000000000000000011111111111111
1000000000000000000000100000000000000
1000000000000000000000111111111111111
1000000000000000000001000000000000000
1000000000000000000001111111111111111
1000000000000000000010000000000000000
1000000000000000000011111111111111111
1000000000000000000100000000000000000
1000000000000000000111111111111111111
1000000000000000001000000000000000000
1000000000000000001111111111111111111
1000000000000000010000000000000000000
1000000000000000011111111111111111111
1000000000000000100000000000000000000
1000000000000000111111111111111111111
1000000000000001000000000000000000000
1000000000000001111111111111111111111
1000000000000010000000000000000000000
1000000000000011111111111111111111111
1000000000000100000000000000000000000
1000000000000111111111111111111111111
1000000000001000000000000000000000000
1000000000001111111111111111111111111
1000000000010000000000000000000000000
1000000000011111111111111111111111111
1000000000100000000000000000000000000
1000000000111111111111111111111111111
1000000001000000000000000000000000000
1000000001111111111111111111111111111
1000000010000000000000000000000000000
1000000011111111111111111111111111111
1000000100000000000000000000000000000
1000000111111111111111111111111111111
1000001000000000000000000000000000000
1000001111111111111111111111111111111
1000010000000000000000000000000000000
1000011111111111111111111111111111111
1000100000000000000000000000000000000
1000111111111111111111111111111111111
1001000000000000000000000000000000000
1001111111111111111111111111111111111
1010000000000000000000000000000000000
1011111111111111111111111111111111111
1111111111111111111111111111111111111
10000000000000000000000000000000000000
10000000000000000000000000000000000010
10000000000000000000000000000000000011
10000000000000000000000000000000000100
10000000000000000000000000000000000111
10000000000000000000000000000000001000
10000000000000000000000000000000001111
10000000000000000000000000000000010000
10000000000000000000000000000000011111
10000000000000000000000000000000100000
10000000000000000000000000000000111111
10000000000000000000000000000001000000
10000000000000000000000000000001111111
10000000000000000000000000000010000000
10000000000000000000000000000011111111
10000000000000000000000000000100000000
10000000000000000000000000000111111111
10000000000000000000000000001000000000
10000000000000000000000000001111111111
10000000000000000000000000010000000000
10000000000000000000000000011111111111
10000000000000000000000000100000000000
10000000000000000000000000111111111111
10000000000000000000000001000000000000
10000000000000000000000001111111111111
10000000000000000000000010000000000000
10000000000000000000000011111111111111
10000000000000000000000100000000000000
10000000000000000000000111111111111111
10000000000000000000001000000000000000
10000000000000000000001111111111111111
10000000000000000000010000000000000000
10000000000000000000011111111111111111
10000000000000000000100000000000000000
10000000000000000000111111111111111111
10000000000000000001000000000000000000
10000000000000000001111111111111111111
10000000000000000010000000000000000000
10000000000000000011111111111111111111
10000000000000000100000000000000000000
10000000000000000111111111111111111111
10000000000000001000000000000000000000
10000000000000001111111111111111111111
10000000000000010000000000000000000000
10000000000000011111111111111111111111
10000000000000100000000000000000000000
10000000000000111111111111111111111111
10000000000001000000000000000000000000
10000000000001111111111111111111111111
10000000000010000000000000000000000000
10000000000011111111111111111111111111
10000000000100000000000000000000000000
10000000000111111111111111111111111111
10000000001000000000000000000000000000
10000000001111111111111111111111111111
10000000010000000000000000000000000000
10000000011111111111111111111111111111
10000000100000000000000000000000000000
10000000111111111111111111111111111111
10000001000000000000000000000000000000
10000001111111111111111111111111111111
10000010000000000000000000000000000000
10000011111111111111111111111111111111
10000100000000000000000000000000000000
10000111111111111111111111111111111111
10001000000000000000000000000000000000
10001111111111111111111111111111111111
10010000000000000000000000000000000000
10011111111111111111111111111111111111
10100000000000000000000000000000000000
10111111111111111111111111111111111111
11111111111111111111111111111111111111
100000000000000000000000000000000000000
100000000000000000000000000000000000010
100000000000000000000000000000000000011
100000000000000000000000000000000000100
100000000000000000000000000000000000111
100000000000000000000000000000000001000
100000000000000000000000000000000001111
100000000000000000000000000000000010000
100000000000000000000000000000000011111
100000000000000000000000000000000100000
100000000000000000000000000000000111111
100000000000000000000000000000001000000
100000000000000000000000000000001111111
100000000000000000000000000000010000000
100000000000000000000000000000011111111
100000000000000000000000000000100000000
100000000000000000000000000000111111111
100000000000000000000000000001000000000
100000000000000000000000000001111111111
100000000000000000000000000010000000000
100000000000000000000000000011111111111
100000000000000000000000000100000000000
100000000000000000000000000111111111111
100000000000000000000000001000000000000
100000000000000000000000001111111111111
100000000000000000000000010000000000000
100000000000000000000000011111111111111
100000000000000000000000100000000000000
100000000000000000000000111111111111111
100000000000000000000001000000000000000
100000000000000000000001111111111111111
100000000000000000000010000000000000000
100000000000000000000011111111111111111
100000000000000000000100000000000000000
100000000000000000000111111111111111111
100000000000000000001000000000000000000
100000000000000000001111111111111111111
100000000000000000010000000000000000000
100000000000000000011111111111111111111
100000000000000000100000000000000000000
100000000000000000111111111111111111111
100000000000000001000000000000000000000
100000000000000001111111111111111111111
100000000000000010000000000000000000000
100000000000000011111111111111111111111
100000000000000100000000000000000000000
100000000000000111111111111111111111111
100000000000001000000000000000000000000
100000000000001111111111111111111111111
100000000000010000000000000000000000000
100000000000011111111111111111111111111
100000000000100000000000000000000000000
100000000000111111111111111111111111111
100000000001000000000000000000000000000
100000000001111111111111111111111111111
100000000010000000000000000000000000000
100000000011111111111111111111111111111
100000000100000000000000000000000000000
100000000111111111111111111111111111111
100000001000000000000000000000000000000
100000001111111111111111111111111111111
100000010000000000000000000000000000000
100000011111111111111111111111111111111
100000100000000000000000000000000000000
100000111111111111111111111111111111111
100001000000000000000000000000000000000
100001111111111111111111111111111111111
100010000000000000000000000000000000000
100011111111111111111111111111111111111
100100000000000000000000000000000000000
100111111111111111111111111111111111111
101000000000000000000000000000000000000
101111111111111111111111111111111111111
111111111111111111111111111111111111111
