100
101
10000
10100
1000000
1000100
1010000
100000000
100000100
100010000
101000000
10000000000
10000000100
10000010000
10001000000
10100000000
1000000000000
1000000000100
1000000010000
1000001000000
1000100000000
1010000000000
100000000000000
100000000000100
100000000010000
100000001000000
100000100000000
100010000000000
101000000000000
10000000000000000
10000000000000100
10000000000010000
10000000001000000
10000000100000000
10000010000000000
10001000000000000
10100000000000000
1000000000000000000
1000000000000000100
1000000000000010000
1000000000001000000
1000000000100000000
1000000010000000000
1000001000000000000
1000100000000000000
1010000000000000000
100000000000000000000
100000000000000000100
100000000000000010000
100000000000001000000
100000000000100000000
100000000010000000000
100000001000000000000
100000100000000000000
100010000000000000000
101000000000000000000
10000000000000000000000
10000000000000000000100
10000000000000000010000
10000000000000001000000
10000000000000100000000
10000000000010000000000
10000000001000000000000
10000000100000000000000
10000010000000000000000
10001000000000000000000
10100000000000000000000
1000000000000000000000000
1000000000000000000000100
1000000000000000000010000
1000000000000000001000000
1000000000000000100000000
1000000000000010000000000
1000000000001000000000000
1000000000100000000000000
1000000010000000000000000
1000001000000000000000000
1000100000000000000000000
1010000000000000000000000
100000000000000000000000000
100000000000000000000000100
100000000000000000000010000
100000000000000000001000000
100000000000000000100000000
100000000000000010000000000
100000000000001000000000000
100000000000100000000000000
100000000010000000000000000
100000001000000000000000000
100000100000000000000000000
100010000000000000000000000
101000000000000000000000000
10000000000000000000000000000
10000000000000000000000000100
10000000000000000000000010000
10000000000000000000001000000
10000000000000000000100000000
10000000000000000010000000000
10000000000000001000000000000
10000000000000100000000000000
10000000000010000000000000000
10000000001000000000000000000
10000000100000000000000000000
10000010000000000000000000000
10001000000000000000000000000
10100000000000000000000000000
1000000000000000000000000000000
1000000000000000000000000000100
1000000000000000000000000010000
1000000000000000000000001000000
1000000000000000000000100000000
1000000000000000000010000000000
1000000000000000001000000000000
1000000000000000100000000000000
1000000000000010000000000000000
1000000000001000000000000000000
1000000000100000000000000000000
1000000010000000000000000000000
1000001000000000000000000000000
1000100000000000000000000000000
1010000000000000000000000000000
100000000000000000000000000000000
100000000000000000000000000000100
100000000000000000000000000010000
100000000000000000000000001000000
100000000000000000000000100000000
100000000000000000000010000000000
100000000000000000001000000000000
100000000000000000100000000000000
100000000000000010000000000000000
100000000000001000000000000000000
100000000000100000000000000000000
100000000010000000000000000000000
100000001000000000000000000000000
100000100000000000000000000000000
100010000000000000000000000000000
101000000000000000000000000000000
10000000000000000000000000000000000
10000000000000000000000000000000100
10000000000000000000000000000010000
10000000000000000000000000001000000
10000000000000000000000000100000000
10000000000000000000000010000000000
10000000000000000000001000000000000
10000000000000000000100000000000000
10000000000000000010000000000000000
10000000000000001000000000000000000
10000000000000100000000000000000000
10000000000010000000000000000000000
10000000001000000000000000000000000
10000000100000000000000000000000000
10000010000000000000000000000000000
10001000000000000000000000000000000
10100000000000000000000000000000000
1000000000000000000000000000000000000
1000000000000000000000000000000000100
1000000000000000000000000000000010000
1000000000000000000000000000001000000
1000000000000000000000000000100000000
1000000000000000000000000010000000000
1000000000000000000000001000000000000
1000000000000000000000100000000000000
1000000000000000000010000000000000000
1000000000000000001000000000000000000
1000000000000000100000000000000000000
1000000000000010000000000000000000000
1000000000001000000000000000000000000
1000000000100000000000000000000000000
1000000010000000000000000000000000000
1000001000000000000000000000000000000
1000100000000000000000000000000000000
1010000000000000000000000000000000000
100000000000000000000000000000000000000
100000000000000000000000000000000000100
100000000000000000000000000000000010000
100000000000000000000000000000001000000
100000000000000000000000000000100000000
100000000000000000000000000010000000000
100000000000000000000000001000000000000
100000000000000000000000100000000000000
100000000000000000000010000000000000000
100000000000000000001000000000000000000
100000000000000000100000000000000000000
100000000000000010000000000000000000000
100000000000001000000000000000000000000
100000000000100000000000000000000000000
100000000010000000000000000000000000000
100000001000000000000000000000000000000
100000100000000000000000000000000000000
100010000000000000000000000000000000000
101000000000000000000000000000000000000
