576
601
13824
13848
13849
14425
331776
331800
331801
332352
332377
346201
7962624
7962648
7962649
7963200
7963225
7976448
7977049
8308825
191102976
191103000
191103001
191103552
191103577
191116800
191117401
191434752
191449177
199411801
4586471424
4586471448
4586471449
4586472000
4586472025
4586485248
4586485849
4586803200
4586817625
4594434048
4594780249
4785883225
110075314176
110075314200
110075314201
110075314752
110075314777
110075328000
110075328601
110075645952
110075660377
110083276800
110083623001
110266417152
110274725977
114861197401
2641807540224
2641807540248
2641807540249
2641807540800
2641807540825
2641807554048
2641807554649
2641807872000
2641807886425
2641815502848
2641815849049
2641998643200
2642006952025
2646394011648
2646593423449
2756668737625
63403380965376
63403380965400
63403380965401
63403380965952
63403380965977
63403380979200
63403380979801
63403381297152
63403381311577
63403388928000
63403389274201
63403572068352
63403580377177
63407967436800
63408166848601
63513456279552
63518242162777
66160049703001
1521681143169024
1521681143169048
1521681143169049
1521681143169600
1521681143169625
1521681143182848
1521681143183449
1521681143500800
1521681143515225
1521681151131648
1521681151477849
1521681334272000
1521681342580825
1521685729640448
1521685929052249
1521791218483200
1521796004366425
1524322950709248
1524437811906649
1587841192872025
36520347436056576
36520347436056600
36520347436056601
36520347436057152
36520347436057177
36520347436070400
36520347436071001
36520347436388352
36520347436402777
36520347444019200
36520347444365401
36520347627159552
36520347635468377
36520352022528000
36520352221939801
36520457511370752
36520462297253977
36522989243596800
36523104104794201
36583750817021952
36586507485759577
38108188628928601
876488338465357824
876488338465357848
876488338465357849
876488338465358400
876488338465358425
876488338465371648
876488338465372249
876488338465689600
876488338465704025
876488338473320448
876488338473666649
876488338656460800
876488338664769625
876488343051829248
876488343251241049
876488448540672000
876488453326555225
876490980272898048
876491095134095449
876551741846323200
876554498515060825
878010019608526848
878076179658229849
914596527094286425
21035720123168587776
21035720123168587800
21035720123168587801
21035720123168588352
21035720123168588377
21035720123168601600
21035720123168602201
21035720123168919552
21035720123168933977
21035720123176550400
21035720123176896601
21035720123359690752
21035720123367999577
21035720127755059200
21035720127954471001
21035720233243901952
21035720238029785177
21035722764976128000
21035722879837325401
21035783526549553152
21035786283218290777
21037241804311756800
21037307964361459801
21072240470604644352
21073828311797516377
21950316650262874201
504857282956046106624
504857282956046106648
504857282956046106649
504857282956046107200
504857282956046107225
504857282956046120448
504857282956046121049
504857282956046438400
504857282956046452825
504857282956054069248
504857282956054415449
504857282956237209600
504857282956245518425
504857282960632578048
504857282960831989849
504857283066121420800
504857283070907304025
504857285597853646848
504857285712714844249
504857346359427072000
504857349116095809625
504858804637189275648
504858870797238978649
504893803303482163200
504895391144675035225
505733771294511464448
505771879483140393049
526807599606308980825
12116574790945106558976
12116574790945106559000
12116574790945106559001
12116574790945106559552
12116574790945106559577
12116574790945106572800
12116574790945106573401
12116574790945106890752
12116574790945106905177
12116574790945114521600
12116574790945114867801
12116574790945297661952
12116574790945305970777
12116574790949693030400
12116574790949892442201
12116574791055181873152
12116574791059967756377
12116574793586914099200
12116574793701775296601
12116574854348487524352
12116574857105156261977
12116576312626249728000
12116576378786299431001
12116611311292542615552
12116612899133735487577
12117451279283571916800
12117489387472200845401
12137610511068275146752
12138525107595369433177
12643382390551415539801
290797794982682557415424
290797794982682557415448
290797794982682557415449
290797794982682557416000
290797794982682557416025
290797794982682557429248
290797794982682557429849
290797794982682557747200
290797794982682557761625
290797794982682565378048
290797794982682565724249
290797794982682748518400
290797794982682756827225
290797794982687143886848
290797794982687343298649
290797794982792632729600
290797794982797418612825
290797794985324364955648
290797794985439226153049
290797795046085938380800
290797795048842607118425
290797796504363700584448
290797796570523750287449
290797831503029993472000
290797833090871186344025
290798671471021022773248
290798709579209651701849
290818830702805726003200
290819745299332820289625
291302652265638603522048
291324602582288866396249
303441177373233972955225
6979147079584381377970176
6979147079584381377970200
6979147079584381377970201
6979147079584381377970752
6979147079584381377970777
6979147079584381377984000
6979147079584381377984601
6979147079584381378301952
6979147079584381378316377
6979147079584381385932800
6979147079584381386279001
6979147079584381569073152
6979147079584381577381977
6979147079584385964441600
6979147079584386163853401
6979147079584491453284352
6979147079584496239167577
6979147079587023185510400
6979147079587138046707801
6979147079647784758935552
6979147079650541427673177
6979147081106062521139200
6979147081172222570842201
6979147116104728814026752
6979147117692570006898777
6979147956072719843328000
6979147994180908472256601
6979168115304504546557952
6979169029901031640844377
6979651936867337424076800
6979673887183987686951001
6991263654375326484529152
6991790461974932793509977
7282588256957615350925401
167499529910025153071284224
167499529910025153071284248
167499529910025153071284249
167499529910025153071284800
167499529910025153071284825
167499529910025153071298048
167499529910025153071298649
167499529910025153071616000
167499529910025153071630425
167499529910025153079246848
167499529910025153079593049
167499529910025153262387200
167499529910025153270696025
167499529910025157657755648
167499529910025157857167449
167499529910025263146598400
167499529910025267932481625
167499529910027794878824448
167499529910027909740021849
167499529910088556452249600
167499529910091313120987225
167499529911546834214453248
167499529911612994264156249
167499529946545500507340800
167499529948133341700212825
167499530786513491536642048
167499530824621680165570649
167499550945745276239872000
167499551860341803334158425
167500034767308109117390848
167500056717624759380265049
167511646484816098177843200
167512173292415704486824025
167790327705007835628699648
167802971087398387044239449
174782118166982768422209625
4019988717840603673710821376
4019988717840603673710821400
4019988717840603673710821401
4019988717840603673710821952
4019988717840603673710821977
4019988717840603673710835200
4019988717840603673710835801
4019988717840603673711153152
4019988717840603673711167577
4019988717840603673718784000
4019988717840603673719130201
4019988717840603673901924352
4019988717840603673910233177
4019988717840603678297292800
4019988717840603678496704601
4019988717840603783786135552
4019988717840603788572018777
4019988717840606315518361600
4019988717840606430379559001
4019988717840667077091786752
4019988717840669833760524377
4019988717842125354853990400
4019988717842191514903693401
4019988717877124021146877952
4019988717878711862339749977
4019988718717092012176179200
4019988718755200200805107801
4019988738876323796879409152
4019988739790920323973695577
4019989222697886629756928000
4019989244648203280019802201
4020000834415394618817380352
4020001361222994225126361177
4020279515635586356268236800
4020292159017976907683776601
4026967864920188055088791552
4027271306097561289061746777
4194770836007586442133031001
96479729228174488169059713024
96479729228174488169059713048
96479729228174488169059713049
96479729228174488169059713600
96479729228174488169059713625
96479729228174488169059726848
96479729228174488169059727449
96479729228174488169060044800
96479729228174488169060059225
96479729228174488169067675648
96479729228174488169068021849
96479729228174488169250816000
96479729228174488169259124825
96479729228174488173646184448
96479729228174488173845596249
96479729228174488279135027200
96479729228174488283920910425
96479729228174490810867253248
96479729228174490925728450649
96479729228174551572440678400
96479729228174554329109416025
96479729228176009850202882048
96479729228176076010252585049
96479729228211008516495769600
96479729228212596357688641625
96479729229050976507525070848
96479729229089084696153999449
96479729249210208292228300800
96479729250124804819322587225
96479729733031771125105819648
96479729754982087775368693849
96479741344749279114166272000
96479741871556878720475252825
96480020025969470851617128448
96480032669351861403032668249
96486708375254072550437683200
96487011816431445784410638425
96647228758084513322130997248
96654511346341470937481922649
100674500064182074611192744025
2315513501476187716057433112576
2315513501476187716057433112600
2315513501476187716057433112601
2315513501476187716057433113152
2315513501476187716057433113177
2315513501476187716057433126400
2315513501476187716057433127001
2315513501476187716057433444352
2315513501476187716057433458777
2315513501476187716057441075200
2315513501476187716057441421401
2315513501476187716057624215552
2315513501476187716057632524377
2315513501476187716062019584000
2315513501476187716062218995801
2315513501476187716167508426752
2315513501476187716172294309977
2315513501476187718699240652800
2315513501476187718814101850201
2315513501476187779460814077952
2315513501476187782217482815577
2315513501476189237738576281600
2315513501476189303898625984601
2315513501476224236404869169152
2315513501476225824246062041177
2315513501477064204395898470400
2315513501477102312584527399001
2315513501497223436180601700352
2315513501498138032707695986777
2315513501981044999013479219200
2315513502002995315663742093401
2315513513592762507002539671552
2315513514119570106608848652377
2315513792273982698739990528000
2315513804917365089291406067801
2315520480623267300438811082752
2315520784064444673672784037977
2315681001006097741210504396800
2315688283594354698825855322201
2319533490194028319731143933952
2319708272312195302499566143577
2416188001540369790668625856601
55572324035428505185378394701824
55572324035428505185378394701848
55572324035428505185378394701849
55572324035428505185378394702400
55572324035428505185378394702425
55572324035428505185378394715648
55572324035428505185378394716249
55572324035428505185378395033600
55572324035428505185378395048025
55572324035428505185378402664448
55572324035428505185378403010649
55572324035428505185378585804800
55572324035428505185378594113625
55572324035428505185382981173248
55572324035428505185383180585049
55572324035428505185488470016000
55572324035428505185493255899225
55572324035428505188020202242048
55572324035428505188135063439449
55572324035428505248781775667200
55572324035428505251538444404825
55572324035428506707059537870848
55572324035428506773219587573849
55572324035428541705725830758400
55572324035428543293567023630425
55572324035429381673716860059648
55572324035429419781905488988249
55572324035449540905501563289600
55572324035450455502028657576025
55572324035933362468334440808448
55572324035955312784984703682649
55572324047545079976323501260800
55572324048071887575929810241625
55572324326226300168060952117248
55572324338869682558612367657049
55572331014575584769759772672000
55572331318016762142993745627225
55572491534958415210531465986048
55572498817546672168146816911449
55576344024146345789052105523200
55576518806264512771820527732825
55668803764656679673547454414848
55672998535492687259989587445849
57988512036968874976047020558425
1333735776850284124449081472843776
1333735776850284124449081472843800
1333735776850284124449081472843801
1333735776850284124449081472844352
1333735776850284124449081472844377
1333735776850284124449081472857600
1333735776850284124449081472858201
1333735776850284124449081473175552
1333735776850284124449081473189977
1333735776850284124449081480806400
1333735776850284124449081481152601
1333735776850284124449081663946752
1333735776850284124449081672255577
1333735776850284124449086059315200
1333735776850284124449086258727001
1333735776850284124449191548157952
1333735776850284124449196334041177
1333735776850284124451723280384000
1333735776850284124451838141581401
1333735776850284124512484853809152
1333735776850284124515241522546777
1333735776850284125970762616012800
1333735776850284126036922665715801
1333735776850284160969428908900352
1333735776850284162557270101772377
1333735776850285000937419938201600
1333735776850285039045608567130201
1333735776850305160169204641431552
1333735776850306074765731735717977
1333735776850788981732037518950400
1333735776850810932048687781824601
1333735776862400699240026579402752
1333735776862927506839632888383577
1333735777141081919431764030259200
1333735777153725301822315445799001
1333735783829431204033462850813952
1333735784132872381406696823769177
1333735944349814034474234544128000
1333735951632402291431849895053401
1333739796839001965052755183665152
1333739971621120132035523605874777
1333832256579512298937250532556800
1333836451350348306523692665587801
1336051290351760312165138905956352
1336151964851824494239750098700377
1391724288887252999425128493402201
32009658644406818986777955348250624
32009658644406818986777955348250648
32009658644406818986777955348250649
32009658644406818986777955348251200
32009658644406818986777955348251225
32009658644406818986777955348264448
32009658644406818986777955348265049
32009658644406818986777955348582400
32009658644406818986777955348596825
32009658644406818986777955356213248
32009658644406818986777955356559449
32009658644406818986777955539353600
32009658644406818986777955547662425
32009658644406818986777959934722048
32009658644406818986777960134133849
32009658644406818986778065423564800
32009658644406818986778070209448025
32009658644406818986780597155790848
32009658644406818986780712016988249
32009658644406818986841358729216000
32009658644406818986844115397953625
32009658644406818988299636491419648
32009658644406818988365796541122649
32009658644406819023298302784307200
32009658644406819024886143977179225
32009658644406819863266293813608448
32009658644406819901374482442537049
32009658644406840022498078516838400
32009658644406840937094605611124825
32009658644407323844060911394357248
32009658644407345794377561657231449
32009658644418935561568900454809600
32009658644419462369168506763790425
32009658644697616781760637905666048
32009658644710260164151189321205849
32009658651385966066362336726220800
32009658651689407243735570699176025
32009658811906348896803108419534848
32009658819188937153760723770460249
32009662664395536827381629059072000
32009662839177654994364397481281625
32009755124136047161266124407963648
32009759318906883168852566540994649
32011974157908295174494012781363200
32012074832408359356568623974107225
32065230968442247491963333742952448
32067647156443787861754002368809049
33401382933294071986203083841652825
768231807465763655682670928358014976
768231807465763655682670928358015000
768231807465763655682670928358015001
768231807465763655682670928358015552
768231807465763655682670928358015577
768231807465763655682670928358028800
768231807465763655682670928358029401
768231807465763655682670928358346752
768231807465763655682670928358361177
768231807465763655682670928365977600
768231807465763655682670928366323801
768231807465763655682670928549117952
768231807465763655682670928557426777
768231807465763655682670932944486400
768231807465763655682670933143898201
768231807465763655682671038433329152
768231807465763655682671043219212377
768231807465763655682673570165555200
768231807465763655682673685026752601
768231807465763655682734331738980352
768231807465763655682737088407717977
768231807465763655684192609501184000
768231807465763655684258769550887001
768231807465763655719191275794071552
768231807465763655720779116986943577
768231807465763656559159266823372800
768231807465763656597267455452301401
768231807465763676718391051526602752
768231807465763677632987578620889177
768231807465764160539953884404121600
768231807465764182490270534666995801
768231807465775772257461873464573952
768231807465776299065061479773554777
768231807466054453477653610915430400
768231807466067096860044162330970201
768231807472742802762255309735985152
768231807473046243939628543708940377
768231807633263185592696081429299200
768231807640545773849653696780224601
768231811485752373523274602068836352
768231811660534491690257370491045977
768231903945492883857159097417728000
768231908140263719864745539550759001
768234122979265131870386985791127552
768234223653765196052461596983871577
768287379789799084187856306752716800
768289795977800624557646975378573401
769565543242613939807120009830858752
769623531754650908682096056851417177
801633190399057727668874012199667801
18437563379178327736384102280592359424
18437563379178327736384102280592359448
18437563379178327736384102280592359449
18437563379178327736384102280592360000
18437563379178327736384102280592360025
18437563379178327736384102280592373248
18437563379178327736384102280592373849
18437563379178327736384102280592691200
18437563379178327736384102280592705625
18437563379178327736384102280600322048
18437563379178327736384102280600668249
18437563379178327736384102280783462400
18437563379178327736384102280791771225
18437563379178327736384102285178830848
18437563379178327736384102285378242649
18437563379178327736384102390667673600
18437563379178327736384102395453556825
18437563379178327736384104922399899648
18437563379178327736384105037261097049
18437563379178327736384165683973324800
18437563379178327736384168440642062425
18437563379178327736385623961735528448
18437563379178327736385690121785231449
18437563379178327736420622628028416000
18437563379178327736422210469221288025
18437563379178327737260590619057717248
18437563379178327737298698807686645849
18437563379178327757419822403760947200
18437563379178327758334418930855233625
18437563379178328241241385236638466048
18437563379178328263191701886901340249
18437563379178339852958893225698918400
18437563379178340379766492832007899225
18437563379178618534179084963149774848
18437563379178631177561475514565314649
18437563379185306883463686661970329600
18437563379185610324641059895943284825
18437563379345827266294127433663643648
18437563379353109854551085049014569049
18437563383198316454224705954303180800
18437563383373098572391688722725390425
18437563475658056964558590449652072448
18437563479852827800566176891785103449
18437565694691829212571818338025472000
18437565795366329276753892949218216025
18437618951502363164889287658987061248
18437621367690364705259078327612917849
18438897114955178020508551362065203200
18438955103467214989383527409085761625
18469573037822734555370880235940610048
18470964762111621808370305364434012249
19239196569577385464052976292792027225
442501521100279865673218454734216626176
442501521100279865673218454734216626200
442501521100279865673218454734216626201
442501521100279865673218454734216626752
442501521100279865673218454734216626777
442501521100279865673218454734216640000
442501521100279865673218454734216640601
442501521100279865673218454734216957952
442501521100279865673218454734216972377
442501521100279865673218454734224588800
442501521100279865673218454734224935001
442501521100279865673218454734407729152
442501521100279865673218454734416037977
442501521100279865673218454738803097600
442501521100279865673218454739002509401
442501521100279865673218454844291940352
442501521100279865673218454849077823577
442501521100279865673218457376024166400
442501521100279865673218457490885363801
442501521100279865673218518137597591552
442501521100279865673218520894266329177
442501521100279865673219976415359795200
442501521100279865673220042575409498201
442501521100279865673254975081652682752
442501521100279865673256562922845554777
442501521100279865674094943072681984000
442501521100279865674133051261310912601
442501521100279865694254174857385213952
442501521100279865695168771384479500377
442501521100279866178075737690262732800
442501521100279866200026054340525607001
442501521100279877789793245679323185152
442501521100279878316600845285632165977
442501521100280156471013437416774041600
442501521100280169114395827968189581401
442501521100286844820298039115594596352
442501521100287148261475412349567551577
442501521100447365203128479887287910400
442501521100454647791385437502638835801
442501521104299854391059058407927447552
442501521104474636509226041176349657177
442501521196759594901392942903276339200
442501521200954365737400529345409370201
442501523415793367149406170791649738752
442501523516467867213588245402842482777
442501576672603901101723640112611328000
442501579088791902642093430781237184601
442502854836056715957342903815689469952
442502912824568752926217879862710028377
442533530758924272492205232689564876800
442534922483213159745204657818058279001
443269752907745629328901125662574641152
443303154290678923400887328746416293977
461740717669857251137271431027008653401
