484
507
10648
10670
10671
11155
234256
234278
234279
234740
234763
245411
5153632
5153654
5153655
5154116
5154139
5164280
5164787
5399043
113379904
113379926
113379927
113380388
113380411
113390552
113391059
113614160
113625315
118778947
2494357888
2494357910
2494357911
2494358372
2494358395
2494368536
2494369043
2494592144
2494603299
2499511520
2499756931
2613136835
54875873536
54875873558
54875873559
54875874020
54875874043
54875884184
54875884691
54876107792
54876118947
54881027168
54881272579
54989253440
54994652483
57489010371
1207269217792
1207269217814
1207269217815
1207269218276
1207269218299
1207269228440
1207269228947
1207269452048
1207269463203
1207274371424
1207274616835
1207382597696
1207387996739
1209763575680
1209882354627
1264758228163
26559922791424
26559922791446
26559922791447
26559922791908
26559922791931
26559922802072
26559922802579
26559923025680
26559923036835
26559927945056
26559928190467
26560036171328
26560041570371
26562417149312
26562535928259
26614798664960
26617411801795
27824681019587
584318301411328
584318301411350
584318301411351
584318301411812
584318301411835
584318301421976
584318301422483
584318301645584
584318301656739
584318306564960
584318306810371
584318414791232
584318420190275
584320795769216
584320914548163
584373177284864
584375790421699
585525570629120
585583059639491
612142982430915
12855002631049216
12855002631049238
12855002631049239
12855002631049700
12855002631049723
12855002631059864
12855002631060371
12855002631283472
12855002631294627
12855002636202848
12855002636448259
12855002744429120
12855002749828163
12855005125407104
12855005244186051
12855057506922752
12855060120059587
12856209900267008
12856267389277379
12881562553840640
12882827312068803
13467145613480131
282810057883082752
282810057883082774
282810057883082775
282810057883083236
282810057883083259
282810057883093400
282810057883093907
282810057883317008
282810057883328163
282810057888236384
282810057888481795
282810057996462656
282810058001861699
282810060377440640
282810060496219587
282810112758956288
282810115372093123
282811265152300544
282811322641310915
282836617805874176
282837882564102339
283394376184494080
283422200865513667
296277203496562883
6221821273427820544
6221821273427820566
6221821273427820567
6221821273427821028
6221821273427821051
6221821273427831192
6221821273427831699
6221821273428054800
6221821273428065955
6221821273432974176
6221821273433219587
6221821273541200448
6221821273546599491
6221821275922178432
6221821276040957379
6221821328303694080
6221821330916830915
6221822480697038336
6221822538186048707
6221847833350611968
6221849098108840131
6222405591729231872
6222433416410251459
6234676276058869760
6235288419041300675
6518098476924383427
136880068015412051968
136880068015412051990
136880068015412051991
136880068015412052452
136880068015412052475
136880068015412062616
136880068015412063123
136880068015412286224
136880068015412297379
136880068015417205600
136880068015417451011
136880068015525431872
136880068015530830915
136880068017906409856
136880068018025188803
136880068070287925504
136880068072901062339
136880069222681269760
136880069280170280131
136880094575334843392
136880095840093071555
136880652333713463296
136880680158394482883
136892923018043101184
136893535161025532099
137162878073295134720
137176345218908614851
143398166492336435395
3011361496339065143296
3011361496339065143318
3011361496339065143319
3011361496339065143780
3011361496339065143803
3011361496339065153944
3011361496339065154451
3011361496339065377552
3011361496339065388707
3011361496339070296928
3011361496339070542339
3011361496339178523200
3011361496339183922243
3011361496341559501184
3011361496341678280131
3011361496393941016832
3011361496396554153667
3011361497546334361088
3011361497603823371459
3011361522898987934720
3011361524163746162883
3011362080657366554624
3011362108482047574211
3011374351341696192512
3011374963484678623427
3011644306396948226048
3011657773542561706179
3017583317612492963840
3017879594815989526723
3154759662831401578691
66249952919459433152512
66249952919459433152534
66249952919459433152535
66249952919459433152996
66249952919459433153019
66249952919459433163160
66249952919459433163667
66249952919459433386768
66249952919459433397923
66249952919459438306144
66249952919459438551555
66249952919459546532416
66249952919459551931459
66249952919461927510400
66249952919462046289347
66249952919514309026048
66249952919516922162883
66249952920666702370304
66249952920724191380675
66249952946019355943936
66249952947284114172099
66249953503777734563840
66249953531602415583427
66249965774462064201728
66249966386605046632643
66250235729517316235264
66250249196662929715395
66256174740732860973056
66256471017936357535939
66386832987474845204480
66393351085951769587907
69404712582290834731203
1457498964228107529355264
1457498964228107529355286
1457498964228107529355287
1457498964228107529355748
1457498964228107529355771
1457498964228107529365912
1457498964228107529366419
1457498964228107529589520
1457498964228107529600675
1457498964228107534508896
1457498964228107534754307
1457498964228107642735168
1457498964228107648134211
1457498964228110023713152
1457498964228110142492099
1457498964228162405228800
1457498964228165018365635
1457498964229314798573056
1457498964229372287583427
1457498964254667452146688
1457498964255932210374851
1457498964812425830766592
1457498964840250511786179
1457498977083110160404480
1457498977695253142835395
1457499247038165412438016
1457499260505311025918147
1457505186049380957175808
1457505482326584453738691
1457635844296122941407232
1457642362394599865790659
1460510325724446594498560
1460653723890938930933955
1526903676810398364086467
32064977213018365645815808
32064977213018365645815830
32064977213018365645815831
32064977213018365645816292
32064977213018365645816315
32064977213018365645826456
32064977213018365645826963
32064977213018365646050064
32064977213018365646061219
32064977213018365650969440
32064977213018365651214851
32064977213018365759195712
32064977213018365764594755
32064977213018368140173696
32064977213018368258952643
32064977213018420521689344
32064977213018423134826179
32064977213019572915033600
32064977213019630404043971
32064977213044925568607232
32064977213046190326835395
32064977213602683947227136
32064977213630508628246723
32064977225873368276865024
32064977226485511259295939
32064977495828423528898560
32064977509295569142378691
32064983434839639073636352
32064983731116842570199235
32065114093086381057867776
32065120611184857982251203
32067988574514704710959104
32068131972681197047394499
32131227165937825078968320
32134381925600656480547011
33591880889828764009902275
705429498686404044207947776
705429498686404044207947798
705429498686404044207947799
705429498686404044207948260
705429498686404044207948283
705429498686404044207958424
705429498686404044207958931
705429498686404044208182032
705429498686404044208193187
705429498686404044213101408
705429498686404044213346819
705429498686404044321327680
705429498686404044326726723
705429498686404046702305664
705429498686404046821084611
705429498686404099083821312
705429498686404101696958147
705429498686405251477165568
705429498686405308966175939
705429498686430604130739200
705429498686431868888967363
705429498686988362509359104
705429498687016187190378691
705429498699259046838996992
705429498699871189821427907
705429498969214102091030528
705429498982681247704510659
705429504908225317635768320
705429505204502521132331203
705429635566472059619999744
705429642084570536544383171
705432510047900383273091072
705432653446066875609526467
705495748639323503641100288
705498903398986335042678979
706886997650632151737303040
706956402363214442572034243
739021379576232808217850051
15519448971100888972574851072
15519448971100888972574851094
15519448971100888972574851095
15519448971100888972574851556
15519448971100888972574851579
15519448971100888972574861720
15519448971100888972574862227
15519448971100888972575085328
15519448971100888972575096483
15519448971100888972580004704
15519448971100888972580250115
15519448971100888972688230976
15519448971100888972693630019
15519448971100888975069208960
15519448971100888975187987907
15519448971100889027450724608
15519448971100889030063861443
15519448971100890179844068864
15519448971100890237333079235
15519448971100915532497642496
15519448971100916797255870659
15519448971101473290876262400
15519448971101501115557281987
15519448971113743975205900288
15519448971114356118188331203
15519448971383699030457933824
15519448971397166176071413955
15519448977322710246002671616
15519448977618987449499234499
15519449107980956987986903040
15519449114499055464911286467
15519451982462385311639994368
15519452125860551803976429763
15519515221053808432008003584
15519518375813471263409582275
15520906470065117080104206336
15520975874777699370938937539
15551513948313907338220666880
15553040851990717736584753347
16258470350677121780792701123
341427877364219557396646723584
341427877364219557396646723606
341427877364219557396646723607
341427877364219557396646724068
341427877364219557396646724091
341427877364219557396646734232
341427877364219557396646734739
341427877364219557396646957840
341427877364219557396646968995
341427877364219557396651877216
341427877364219557396652122627
341427877364219557396760103488
341427877364219557396765502531
341427877364219557399141081472
341427877364219557399259860419
341427877364219557451522597120
341427877364219557454135733955
341427877364219558603915941376
341427877364219558661404951747
341427877364219583956569515008
341427877364219585221327743171
341427877364220141714948134912
341427877364220169539629154499
341427877364232412399277772800
341427877364233024542260203715
341427877364502367454529806336
341427877364515834600143286467
341427877370441378670074544128
341427877370737655873571107011
341427877501099625412058775552
341427877507617723888983158979
341427880375581053735711866880
341427880518979220228048302275
341427943614172476856079876096
341427946768932139687481454787
341429334863183785504176078848
341429404267896367795010810051
341459942341432575762292539392
341461469245109386160656625859
342133306862905961440854671360
342166898743795790204864573635
357686347714896679177439424707
7511413302012830262726227918848
7511413302012830262726227918870
7511413302012830262726227918871
7511413302012830262726227919332
7511413302012830262726227919355
7511413302012830262726227929496
7511413302012830262726227930003
7511413302012830262726228153104
7511413302012830262726228164259
7511413302012830262726233072480
7511413302012830262726233317891
7511413302012830262726341298752
7511413302012830262726346697795
7511413302012830262728722276736
7511413302012830262728841055683
7511413302012830262781103792384
7511413302012830262783716929219
7511413302012830263933497136640
7511413302012830263990986147011
7511413302012830289286150710272
7511413302012830290550908938435
7511413302012830847044529330176
7511413302012830874869210349763
7511413302012843117728858968064
7511413302012843729871841398979
7511413302013113072784111001600
7511413302013126539929724481731
7511413302019052083999655739392
7511413302019348361203152302275
7511413302149710330741639970816
7511413302156228429218564354243
7511413305024191759065293062144
7511413305167589925557629497539
7511413368262783182185661071360
7511413371417542845017062650051
7511414759511794490833757274112
7511414828916507073124592005315
7511445366990043281091873734656
7511446893893720091490237821123
7512118731511516666770435866624
7512152323392406495534445768899
7526932750983931151698802769920
7527671772363507384507020619971
7869099649727726941903667343555
165251092644282265779977014214656
165251092644282265779977014214678
165251092644282265779977014214679
165251092644282265779977014215140
165251092644282265779977014215163
165251092644282265779977014225304
165251092644282265779977014225811
165251092644282265779977014448912
165251092644282265779977014460067
165251092644282265779977019368288
165251092644282265779977019613699
165251092644282265779977127594560
165251092644282265779977132993603
165251092644282265779979508572544
165251092644282265779979627351491
165251092644282265780031890088192
165251092644282265780034503225027
165251092644282265781184283432448
165251092644282265781241772442819
165251092644282265806536937006080
165251092644282265807801695234243
165251092644282266364295315625984
165251092644282266392119996645571
165251092644282278634979645263872
165251092644282279247122627694787
165251092644282548590034897297408
165251092644282562057180510777539
165251092644288487601250442035200
165251092644288783878453938598083
165251092644419145847992426266624
165251092644425663946469350650051
165251092647293627276316079357952
165251092647437025442808415793347
165251092710532218699436447367168
165251092713686978362267848945859
165251094101781230008084543569920
165251094171185942590375378301123
165251124709259478798342660030464
165251126236163155608741024116931
165251798073780952184021222162432
165251831665661842012785232064707
165266612093253366668949589065728
165267351114632942901757806915779
165592520521646485337373660938240
165608778991997162459154453639363
173120192294009992721880681558211
3635524038174209847159494312722432
3635524038174209847159494312722454
3635524038174209847159494312722455
3635524038174209847159494312722916
3635524038174209847159494312722939
3635524038174209847159494312733080
3635524038174209847159494312733587
3635524038174209847159494312956688
3635524038174209847159494312967843
3635524038174209847159494317876064
3635524038174209847159494318121475
3635524038174209847159494426102336
3635524038174209847159494431501379
3635524038174209847159496807080320
3635524038174209847159496925859267
3635524038174209847159549188595968
3635524038174209847159551801732803
3635524038174209847160701581940224
3635524038174209847160759070950595
3635524038174209847186054235513856
3635524038174209847187318993742019
3635524038174209847743812614133760
3635524038174209847771637295153347
3635524038174209860014496943771648
3635524038174209860626639926202563
3635524038174210129969552195805184
3635524038174210143436697809285315
3635524038174216068980767740542976
3635524038174216365257971237105859
3635524038174346727227509724774400
3635524038174353245325986649157827
3635524038177221208655833377865728
3635524038177364606822325714301123
3635524038240459800078953745874944
3635524038243614559741785147453635
3635524039631708811387601842077696
3635524039701113523969892676808899
3635524070239187060177859958538240
3635524071766090736988258322624707
3635524743603708533563538520670208
3635524777195589423392302530572483
3635539557623180948048466887573504
3635540296644560524281275105423555
3635865466051574066716890959446016
3635881724521924743838671752147139
3643035451476222677422220540641280
3643393137823937574101397980065987
3808644230468219839881374994280643
79981528839832616637508874879893504
79981528839832616637508874879893526
79981528839832616637508874879893527
79981528839832616637508874879893988
79981528839832616637508874879894011
79981528839832616637508874879904152
79981528839832616637508874879904659
79981528839832616637508874880127760
79981528839832616637508874880138915
79981528839832616637508874885047136
79981528839832616637508874885292547
79981528839832616637508874993273408
79981528839832616637508874998672451
79981528839832616637508877374251392
79981528839832616637508877493030339
79981528839832616637508929755767040
79981528839832616637508932368903875
79981528839832616637510082149111296
79981528839832616637510139638121667
79981528839832616637535434802684928
79981528839832616637536699560913091
79981528839832616638093193181304832
79981528839832616638121017862324419
79981528839832616650363877510942720
79981528839832616650976020493373635
79981528839832616920318932762976256
79981528839832616933786078376456387
79981528839832622859330148307714048
79981528839832623155607351804276931
79981528839832753517576890291945472
79981528839832760035675367216328899
79981528839835627999005213945036800
79981528839835771397171706281472195
79981528839898866590428334313046016
79981528839902021350091165714624707
79981528841290115601736982409248768
79981528841359520314319273243979971
79981528871897593850527240525709312
79981528873424497527337638889795779
79981529545262115323912919087841280
79981529578853996213741683097743555
79981544359281587738397847454744576
79981545098302967314630655672594627
79981870267709980857066271526617088
79981886526180331534188052319318211
79989040253134629467771601107812352
79989397939482344364450778547237059
80146779932476898903288851894108160
80154649032126626630230755561451715
83790173070300836477390249874174147
1759593634476317566025195247357657088
1759593634476317566025195247357657110
1759593634476317566025195247357657111
1759593634476317566025195247357657572
1759593634476317566025195247357657595
1759593634476317566025195247357667736
1759593634476317566025195247357668243
1759593634476317566025195247357891344
1759593634476317566025195247357902499
1759593634476317566025195247362810720
1759593634476317566025195247363056131
1759593634476317566025195247471036992
1759593634476317566025195247476436035
1759593634476317566025195249852014976
1759593634476317566025195249970793923
1759593634476317566025195302233530624
1759593634476317566025195304846667459
1759593634476317566025196454626874880
1759593634476317566025196512115885251
1759593634476317566025221807280448512
1759593634476317566025223072038676675
1759593634476317566025779565659068416
1759593634476317566025807390340088003
1759593634476317566038050249988706304
1759593634476317566038662392971137219
1759593634476317566308005305240739840
1759593634476317566321472450854219971
1759593634476317572247016520785477632
1759593634476317572543293724282040515
1759593634476317702905263262769709056
1759593634476317709423361739694092483
1759593634476320577386691586422800384
1759593634476320720784858078759235779
1759593634476383815978114706790809600
1759593634476386970737777538192388291
1759593634477775064989423354887012352
1759593634477844469702005645721743555
1759593634508382543238213613003472896
1759593634509909446915024011367559363
1759593635181747064711599291565604864
1759593635215338945601428055575507139
1759593649995766537126084219932508160
1759593650734787916702317028150358211
1759593975904194930244752644004380672
1759593992162665280921874424797081795
1759601145889619578855457973585575936
1759601503575967293752137151025000643
1759758885568961848290975224371871744
1759766754668611576017917128039215299
1763229158514491775872354741670379520
1763402278706785785865076622351937731
1843383807546618402502585497231831235
38711059958478986452554295441868455936
38711059958478986452554295441868455958
38711059958478986452554295441868455959
38711059958478986452554295441868456420
38711059958478986452554295441868456443
38711059958478986452554295441868466584
38711059958478986452554295441868467091
38711059958478986452554295441868690192
38711059958478986452554295441868701347
38711059958478986452554295441873609568
38711059958478986452554295441873854979
38711059958478986452554295441981835840
38711059958478986452554295441987234883
38711059958478986452554295444362813824
38711059958478986452554295444481592771
38711059958478986452554295496744329472
38711059958478986452554295499357466307
38711059958478986452554296649137673728
38711059958478986452554296706626684099
38711059958478986452554322001791247360
38711059958478986452554323266549475523
38711059958478986452554879760169867264
38711059958478986452554907584850886851
38711059958478986452567150444499505152
38711059958478986452567762587481936067
38711059958478986452837105499751538688
38711059958478986452850572645365018819
38711059958478986458776116715296276480
38711059958478986459072393918792839363
38711059958478986589434363457280507904
38711059958478986595952461934204891331
38711059958478989463915791780933599232
38711059958478989607313958273270034627
38711059958479052702507214901301608448
38711059958479055857266877732703187139
38711059958480443951518523549397811200
38711059958480513356231105840232542403
38711059958511051429767313807514271744
38711059958512578333444124205878358211
38711059959184415951240699486076403712
38711059959218007832130528250086305987
38711059973998435423655184414443307008
38711059974737456803231417222661157059
38711060299906863816773852838515179520
38711060316165334167450974619307880643
38711067469892288465384558168096374784
38711067827578636180281237345535799491
38711225209571630734820075418882670592
38711233078671280462547017322550014147
38714695482517160662401454936181178368
38714868602709454672394176816862736579
38791041487318819069191804316748349440
38794850131549287289031685691742630083
40554443766025604855056880939100287171
