441
463
9261
9282
9283
9724
194481
194502
194503
194922
194944
204205
4084101
4084122
4084123
4084542
4084564
4093362
4093825
4288306
85766121
85766142
85766143
85766562
85766584
85775382
85775845
85960602
85970326
90054427
1801088541
1801088562
1801088563
1801088982
1801089004
1801097802
1801098265
1801283022
1801292746
1805172642
1805376847
1891142968
37822859361
37822859382
37822859383
37822859802
37822859824
37822868622
37822869085
37823053842
37823063566
37826943462
37827147667
37908625482
37912913788
39714002329
794280046581
794280046602
794280046603
794280047022
794280047044
794280055842
794280056305
794280241062
794280250786
794284130682
794284334887
794365812702
794370101008
796081135122
796171189549
833994048910
16679880978201
16679880978222
16679880978223
16679880978642
16679880978664
16679880987462
16679880987925
16679881172682
16679881182406
16679885062302
16679885266507
16679966744322
16679971032628
16681682066742
16681772121169
16717703837562
16719594980530
17513875027111
350277500542221
350277500542242
350277500542243
350277500542662
350277500542684
350277500551482
350277500551945
350277500736702
350277500746426
350277504626322
350277504830527
350277586308342
350277590596648
350279301630762
350279391685189
350315323401582
350317214544550
351071780588802
351111494591131
367791375569332
7355827511386641
7355827511386662
7355827511386663
7355827511387082
7355827511387104
7355827511395902
7355827511396365
7355827511581122
7355827511590846
7355827515470742
7355827515674947
7355827597152762
7355827601441068
7355829312475182
7355829402529609
7355865334246002
7355867225388970
7356621791433222
7356661505435551
7372507392364842
7373341386413752
7723618886955973
154472377739119461
154472377739119482
154472377739119483
154472377739119902
154472377739119924
154472377739128722
154472377739129185
154472377739313942
154472377739323666
154472377743203562
154472377743407767
154472377824885582
154472377829173888
154472379540208002
154472379630262429
154472415561978822
154472417453121790
154473172019166042
154473211733168371
154489057620097662
154489891614146572
154822655239661682
154840169114688793
162195996626075434
3243919932521508681
3243919932521508702
3243919932521508703
3243919932521509122
3243919932521509144
3243919932521517942
3243919932521518405
3243919932521703162
3243919932521712886
3243919932525592782
3243919932525796987
3243919932607274802
3243919932611563108
3243919934322597222
3243919934412651649
3243919970344368042
3243919972235511010
3243920726801555262
3243920766515557591
3243936612402486882
3243937446396535792
3244270210022050902
3244287723897078013
3251275760032895322
3251643551408464654
3406115929147584115
68122318582951682301
68122318582951682322
68122318582951682323
68122318582951682742
68122318582951682764
68122318582951691562
68122318582951692025
68122318582951876782
68122318582951886506
68122318582955766402
68122318582955970607
68122318583037448422
68122318583041736728
68122318584752770842
68122318584842825269
68122318620774541662
68122318622665684630
68122319377231728882
68122319416945731211
68122335262832660502
68122336096826709412
68122668860452224522
68122686374327251633
68129674410463068942
68130042201838638274
68276790960690801762
68284514579577757735
71528434512099266416
1430568690241985328321
1430568690241985328342
1430568690241985328343
1430568690241985328762
1430568690241985328784
1430568690241985337582
1430568690241985338045
1430568690241985522802
1430568690241985532526
1430568690241989412422
1430568690241989616627
1430568690242071094442
1430568690242075382748
1430568690243786416862
1430568690243876471289
1430568690279808187682
1430568690281699330650
1430568691036265374902
1430568691075979377231
1430568706921866306522
1430568707755860355432
1430569040519485870542
1430569058033360897653
1430576046069496714962
1430576413860872284294
1430723162619724447782
1430730886238611403755
1433812610174506837002
1433974806171132912436
1502097124754084594737
30041942495081691894741
30041942495081691894762
30041942495081691894763
30041942495081691895182
30041942495081691895204
30041942495081691904002
30041942495081691904465
30041942495081692089222
30041942495081692098946
30041942495081695978842
30041942495081696183047
30041942495081777660862
30041942495081781949168
30041942495083492983282
30041942495083583037709
30041942495119514754102
30041942495121405897070
30041942495875971941322
30041942495915685943651
30041942511761572872942
30041942512595566921852
30041942845359192436962
30041942862873067464073
30041949850909203281382
30041950218700578850714
30042096967459431014202
30042104691078317970175
30045186415014213403422
30045348611010839478856
30110064813664643577042
30113470929593791161157
31544039619835776489478
630880792396715529789561
630880792396715529789582
630880792396715529789583
630880792396715529790002
630880792396715529790024
630880792396715529798822
630880792396715529799285
630880792396715529984042
630880792396715529993766
630880792396715533873662
630880792396715534077867
630880792396715615555682
630880792396715619843988
630880792396717330878102
630880792396717420932529
630880792396753352648922
630880792396755243791890
630880792397509809836142
630880792397549523838471
630880792413395410767762
630880792414229404816672
630880792746993030331782
630880792764506905358893
630880799752543041176202
630880800120334416745534
630880946869093268909022
630880954592712155864995
630884036316648051298242
630884198512644677373676
630948914715298481471862
630952320831227629055977
632311361086957515117882
632382889521469614384298
662424832016551306279039
13248496640331026125580781
13248496640331026125580802
13248496640331026125580803
13248496640331026125581222
13248496640331026125581244
13248496640331026125590042
13248496640331026125590505
13248496640331026125775262
13248496640331026125784986
13248496640331026129664882
13248496640331026129869087
13248496640331026211346902
13248496640331026215635208
13248496640331027926669322
13248496640331028016723749
13248496640331063948440142
13248496640331065839583110
13248496640331820405627362
13248496640331860119629691
13248496640347706006558982
13248496640348540000607892
13248496640681303626123002
13248496640698817501150113
13248496647686853636967422
13248496648054645012536754
13248496794803403864700242
13248496802527022751656215
13248499884250958647089462
13248500046446955273164896
13248564762649609077263082
13248568168765538224847197
13249927209021268110909102
13249998737455780210175518
13278538582826107817475522
13280040679950861902070259
13910921472347577431859820
278218429446951548637196401
278218429446951548637196422
278218429446951548637196423
278218429446951548637196842
278218429446951548637196864
278218429446951548637205662
278218429446951548637206125
278218429446951548637390882
278218429446951548637400606
278218429446951548641280502
278218429446951548641484707
278218429446951548722962522
278218429446951548727250828
278218429446951550438284942
278218429446951550528339369
278218429446951586460055762
278218429446951588351198730
278218429446952342917242982
278218429446952382631245311
278218429446968228518174602
278218429446969062512223512
278218429447301826137738622
278218429447319340012765733
278218429454307376148583042
278218429454675167524152374
278218429601423926376315862
278218429609147545263271835
278218432690871481158705082
278218432853067477784780516
278218497569270131588878702
278218500975386060736462817
278219860015641790622524722
278219931544076302721791138
278248471389446630329091142
278249973486571384413685879
278849310239348264166985962
278880854278968099943475440
292129350919299126069056221
5842587018385982521381124421
5842587018385982521381124442
5842587018385982521381124443
5842587018385982521381124862
5842587018385982521381124884
5842587018385982521381133682
5842587018385982521381134145
5842587018385982521381318902
5842587018385982521381328626
5842587018385982521385208522
5842587018385982521385412727
5842587018385982521466890542
5842587018385982521471178848
5842587018385982523182212962
5842587018385982523272267389
5842587018385982559203983782
5842587018385982561095126750
5842587018385983315661171002
5842587018385983355375173331
5842587018385999201262102622
5842587018386000035256151532
5842587018386332798881666642
5842587018386350312756693753
5842587018393338348892511062
5842587018393706140268080394
5842587018540454899120243882
5842587018548178518007199855
5842587021629902453902633102
5842587021792098450528708536
5842587086508301104332806722
5842587089914417033480390837
5842588448954672763366452742
5842588520483107275465719158
5842617060328477603073019162
5842618562425602357157613899
5843217899178379236910913982
5843249443217999072687403460
5855835515026313547506705202
5856497939858330098812984241
6134716369305281647450180642
122694327386105632949003612841
122694327386105632949003612862
122694327386105632949003612863
122694327386105632949003613282
122694327386105632949003613304
122694327386105632949003622102
122694327386105632949003622565
122694327386105632949003807322
122694327386105632949003817046
122694327386105632949007696942
122694327386105632949007901147
122694327386105632949089378962
122694327386105632949093667268
122694327386105632950804701382
122694327386105632950894755809
122694327386105632986826472202
122694327386105632988717615170
122694327386105633743283659422
122694327386105633782997661751
122694327386105649628884591042
122694327386105650462878639952
122694327386105983226504155062
122694327386106000740379182173
122694327386112988776514999482
122694327386113356567890568814
122694327386260105326742732302
122694327386267828945629688275
122694327389349552881525121522
122694327389511748878151196956
122694327454227951531955295142
122694327457634067461102879257
122694328816674323190988941162
122694328888202757703088207578
122694357428048128030695507582
122694358930145252784780102319
122694958266898029664533402402
122694989810937649500309891880
122707575882745963975129193622
122708238307577980526435472661
122972545815552584497640809242
122986456737024932075072669062
128829043755410914596453793483
2576580875108218291929075869661
2576580875108218291929075869682
2576580875108218291929075869683
2576580875108218291929075870102
2576580875108218291929075870124
2576580875108218291929075878922
2576580875108218291929075879385
2576580875108218291929076064142
2576580875108218291929076073866
2576580875108218291929079953762
2576580875108218291929080157967
2576580875108218291929161635782
2576580875108218291929165924088
2576580875108218291930876958202
2576580875108218291930967012629
2576580875108218291966898729022
2576580875108218291968789871990
2576580875108218292723355916242
2576580875108218292763069918571
2576580875108218308608956847862
2576580875108218309442950896772
2576580875108218642206576411882
2576580875108218659720451438993
2576580875108225647756587256302
2576580875108226015547962825634
2576580875108372764306814989122
2576580875108380487925701945095
2576580875111462211861597378342
2576580875111624407858223453776
2576580875176340610512027551962
2576580875179746726441175136077
2576580876538786982171061197982
2576580876610315416683160464398
2576580905150160787010767764402
2576580906652257911764852359139
2576581505989010688644605659222
2576581537533050308480382148700
2576594123604858622955201450442
2576594786029690639506507729481
2576859093537665243477713066062
2576873004459137591055144925882
2582423462126604274450456994082
2582715591477523573576526050303
2705409918863629206525529663144
54108198377272584130510593262881
54108198377272584130510593262902
54108198377272584130510593262903
54108198377272584130510593263322
54108198377272584130510593263344
54108198377272584130510593272142
54108198377272584130510593272605
54108198377272584130510593457362
54108198377272584130510593467086
54108198377272584130510597346982
54108198377272584130510597551187
54108198377272584130510679029002
54108198377272584130510683317308
54108198377272584130512394351422
54108198377272584130512484405849
54108198377272584130548416122242
54108198377272584130550307265210
54108198377272584131304873309462
54108198377272584131344587311791
54108198377272584147190474241082
54108198377272584148024468289992
54108198377272584480788093805102
54108198377272584498301968832213
54108198377272591486338104649522
54108198377272591854129480218854
54108198377272738602888332382342
54108198377272746326507219338315
54108198377275828050443114771562
54108198377275990246439740846996
54108198377340706449093544945182
54108198377344112565022692529297
54108198378703152820752578591202
54108198378774681255264677857618
54108198407314526625592285157622
54108198408816623750346369752359
54108199008153376527226123052442
54108199039697416147061899541920
54108211625769224461536718843662
54108212288194056478088025122701
54108476595702031082059230459282
54108490506623503429636662319102
54114040964290970113031974387302
54114333093641889412158043443523
54230892704658689763459596875722
54237027421027995045107047056364
56813608296136213337036122926025
1136272165922724266740722458520501
1136272165922724266740722458520522
1136272165922724266740722458520523
1136272165922724266740722458520942
1136272165922724266740722458520964
1136272165922724266740722458529762
1136272165922724266740722458530225
1136272165922724266740722458714982
1136272165922724266740722458724706
1136272165922724266740722462604602
1136272165922724266740722462808807
1136272165922724266740722544286622
1136272165922724266740722548574928
1136272165922724266740724259609042
1136272165922724266740724349663469
1136272165922724266740760281379862
1136272165922724266740762172522830
1136272165922724266741516738567082
1136272165922724266741556452569411
1136272165922724266757402339498702
1136272165922724266758236333547612
1136272165922724267090999959062722
1136272165922724267108513834089833
1136272165922724274096549969907142
1136272165922724274464341345476474
1136272165922724421213100197639962
1136272165922724428936719084595935
1136272165922727510660654980029182
1136272165922727672856651606104616
1136272165922792389059305410202802
1136272165922795795175234557786917
1136272165924154835430964443848822
1136272165924226363865476543115238
1136272165952766209235804150415242
1136272165954268306360558235009979
1136272166553605059137437988310062
1136272166585149098757273764799540
1136272179171220907071748584101282
1136272179833645739088299890380321
1136272444141153713692271095716902
1136272458052075186039848527576722
1136278008509742652723243839644922
1136278300639093572022369908701143
1136394860250110372373671462133342
1136400994966479677655318912313984
1138848746797832485032651534390162
1138977575841587895947247988183645
1193085774218860480077758581446526
23861715484377209601555171628930521
23861715484377209601555171628930542
23861715484377209601555171628930543
23861715484377209601555171628930962
23861715484377209601555171628930984
23861715484377209601555171628939782
23861715484377209601555171628940245
23861715484377209601555171629125002
23861715484377209601555171629134726
23861715484377209601555171633014622
23861715484377209601555171633218827
23861715484377209601555171714696642
23861715484377209601555171718984948
23861715484377209601555173430019062
23861715484377209601555173520073489
23861715484377209601555209451789882
23861715484377209601555211342932850
23861715484377209601555965908977102
23861715484377209601556005622979431
23861715484377209601571851509908722
23861715484377209601572685503957632
23861715484377209601905449129472742
23861715484377209601922963004499853
23861715484377209608910999140317162
23861715484377209609278790515886494
23861715484377209756027549368049982
23861715484377209763751168255005955
23861715484377212845475104150439202
23861715484377213007671100776514636
23861715484377277723873754580612822
23861715484377281129989683728196937
23861715484378640170245413614258842
23861715484378711698679925713525258
23861715484407251544050253320825262
23861715484408753641175007405419999
23861715485008090393951887158720082
23861715485039634433571722935209560
23861715497625706241886197754511302
23861715498288131073902749060790341
23861715762595639048506720266126922
23861715776506560520854297697986742
23861721326964227987537693010054942
23861721619093578906836819079111163
23861838178704595707188120632543362
23861844313420965012469768082724004
23864292065252317819847100704800182
23864420894296073230761697158593665
23915823682754482185685682222193402
23918529092673345814892207751856546
25054801258596070081632930210377047
501096025171921401632658604207540941
501096025171921401632658604207540962
501096025171921401632658604207540963
501096025171921401632658604207541382
501096025171921401632658604207541404
501096025171921401632658604207550202
501096025171921401632658604207550665
501096025171921401632658604207735422
501096025171921401632658604207745146
501096025171921401632658604211625042
501096025171921401632658604211829247
501096025171921401632658604293307062
501096025171921401632658604297595368
501096025171921401632658606008629482
501096025171921401632658606098683909
501096025171921401632658642030400302
501096025171921401632658643921543270
501096025171921401632659398487587522
501096025171921401632659438201589851
501096025171921401632675284088519142
501096025171921401632676118082568052
501096025171921401633008881708083162
501096025171921401633026395583110273
501096025171921401640014431718927582
501096025171921401640382223094496914
501096025171921401787130981946660402
501096025171921401794854600833616375
501096025171921404876578536729049622
501096025171921405038774533355125056
501096025171921469754977187159223242
501096025171921473161093116306807357
501096025171922832201348846192869262
501096025171922903729783358292135678
501096025171951443575153685899435682
501096025171952945672278439984030419
501096025172552282425055319737330502
501096025172583826464675155513819980
501096025185169898272989630333121722
501096025185832323105006181639400761
501096025450139831079610152844737342
501096025464050752551957730276597162
501096031014508420018641125588665362
501096031306637770937940251657721583
501096147866248787738291553211153782
501096154000965157043573200661334424
501098601752796509850950533283410602
501098730581840265261865129737204085
501150133370298674216789114800803822
501152838780217537845995640330466966
502232297337844125899399326666061442
502289110946140262112736362788987467
526150826430517471714291534417917988
10523016528610349434285830688358359761
10523016528610349434285830688358359782
10523016528610349434285830688358359783
10523016528610349434285830688358360202
10523016528610349434285830688358360224
10523016528610349434285830688358369022
10523016528610349434285830688358369485
10523016528610349434285830688358554242
10523016528610349434285830688358563966
10523016528610349434285830688362443862
10523016528610349434285830688362648067
10523016528610349434285830688444125882
10523016528610349434285830688448414188
10523016528610349434285830690159448302
10523016528610349434285830690249502729
10523016528610349434285830726181219122
10523016528610349434285830728072362090
10523016528610349434285831482638406342
10523016528610349434285831522352408671
10523016528610349434285847368239337962
10523016528610349434285848202233386872
10523016528610349434286180965858901982
10523016528610349434286198479733929093
10523016528610349434293186515869746402
10523016528610349434293554307245315734
10523016528610349434440303066097479222
10523016528610349434448026684984435195
10523016528610349437529750620879868442
10523016528610349437691946617505943876
10523016528610349502408149271310042062
10523016528610349505814265200457626177
10523016528610350864854520930343688082
10523016528610350936382955442442954498
10523016528610379476228325770050254502
10523016528610380978325450524134849239
10523016528610980315078227403888149322
10523016528611011859117847239664638800
10523016528623597930926161714483940542
10523016528624260355758178265790219581
10523016528888567863732782236995556162
10523016528902478785205129814427415982
10523016534452936452671813209739484182
10523016534745065803591112335808540403
10523016651304676820391463637361972602
10523016657439393189696745284812153244
10523019105191224542504122617434229422
10523019234020268297915037213888022905
10523070636808726706869961198951622642
10523073342218645570499167724481285786
10524152800776272158552571410816880262
10524209614384568294765908446939806287
10546878244094726643887385859987290282
10548071329868945504367463618568736808
11049167355040866906000122222776277749
220983347100817338120002444455525554981
220983347100817338120002444455525555002
220983347100817338120002444455525555003
220983347100817338120002444455525555422
220983347100817338120002444455525555444
220983347100817338120002444455525564242
220983347100817338120002444455525564705
220983347100817338120002444455525749462
220983347100817338120002444455525759186
220983347100817338120002444455529639082
220983347100817338120002444455529843287
220983347100817338120002444455611321102
220983347100817338120002444455615609408
220983347100817338120002444457326643522
220983347100817338120002444457416697949
220983347100817338120002444493348414342
220983347100817338120002444495239557310
220983347100817338120002445249805601562
220983347100817338120002445289519603891
220983347100817338120002461135406533182
220983347100817338120002461969400582092
220983347100817338120002794733026097202
220983347100817338120002812246901124313
220983347100817338120009800283036941622
220983347100817338120010168074412510954
220983347100817338120156916833264674442
220983347100817338120164640452151630415
220983347100817338123246364388047063662
220983347100817338123408560384673139096
220983347100817338188124763038477237282
220983347100817338191530878967624821397
220983347100817339550571134697510883302
220983347100817339622099569209610149718
220983347100817368161944939537217449722
220983347100817369664042064291302044459
220983347100817969000794841171055344542
220983347100818000544834461006831834020
220983347100830586616642775481651135762
220983347100831249041474792032957414801
220983347101095556549449396004162751382
220983347101109467470921743581594611202
220983347106659925138388426976906679402
220983347106952054489307726102975735623
220983347223511665506108077404529167822
220983347229646381875413359051979348464
220983349677398213228220736384601424642
220983349806227256983631650981055218125
220983401209015715392586574966118817862
220983403914425634256215781491648481006
220984483372983260844269185177984075482
220984540186591556980482522214107001507
221007208816301715329603999627154485502
221008401902075934190084077385735932028
221484443125989259521635103059733095922
221509497927247855591716735989943472969
232032514455858205026002566678301832730
