676
703
17576
17602
17603
18279
456976
457002
457003
457652
457679
475255
11881376
11881402
11881403
11882052
11882079
11898952
11899655
12356631
308915776
308915802
308915803
308916452
308916479
308933352
308934055
309372752
309391031
321272407
8031810176
8031810202
8031810203
8031810852
8031810879
8031827752
8031828455
8032267152
8032285431
8043691552
8044166807
8353082583
208827064576
208827064602
208827064603
208827065252
208827065279
208827082152
208827082855
208827521552
208827539831
208838945952
208839421207
209135980352
209148336983
217180147159
5429503678976
5429503679002
5429503679003
5429503679652
5429503679679
5429503696552
5429503697255
5429504135952
5429504154231
5429515560352
5429516035607
5429812594752
5429824951383
5437535489152
5437856761559
5646683826135
141167095653376
141167095653402
141167095653403
141167095654052
141167095654079
141167095670952
141167095671655
141167096110352
141167096128631
141167107534752
141167108010007
141167404569152
141167416925783
141175127463552
141175448735959
141375922717952
141384275800535
146813779479511
3670344486987776
3670344486987802
3670344486987803
3670344486988452
3670344486988479
3670344487005352
3670344487006055
3670344487444752
3670344487463031
3670344498869152
3670344499344407
3670344795903552
3670344808260183
3670352518797952
3670352840070359
3670553314052352
3670561667134935
3675773990666752
3675991170813911
3817158266467287
95428956661682176
95428956661682202
95428956661682203
95428956661682852
95428956661682879
95428956661699752
95428956661700455
95428956662139152
95428956662157431
95428956673563552
95428956674038807
95428956970597952
95428956982954583
95428964693492352
95428965014764759
95429165488746752
95429173841829335
95434386165361152
95434603345508311
95570123757335552
95575770441161687
99246114928149463
2481152873203736576
2481152873203736602
2481152873203736603
2481152873203737252
2481152873203737279
2481152873203754152
2481152873203754855
2481152873204193552
2481152873204211831
2481152873215617952
2481152873216093207
2481152873512652352
2481152873525008983
2481152881235546752
2481152881556819159
2481153082030801152
2481153090383883735
2481158302707415552
2481158519887562711
2481294040299389952
2481299686983216087
2484823217690724352
2484970031470203863
2580398988131886039
64509974703297150976
64509974703297151002
64509974703297151003
64509974703297151652
64509974703297151679
64509974703297168552
64509974703297169255
64509974703297607952
64509974703297626231
64509974703309032352
64509974703309507607
64509974703606066752
64509974703618423383
64509974711328961152
64509974711650233559
64509974912124215552
64509974920477298135
64509980132800829952
64509980349980977111
64510115870392804352
64510121517076630487
64513645047784138752
64513791861563618263
64605403659958833152
64609220818225300439
67090373691429037015
1677259342285725925376
1677259342285725925402
1677259342285725925403
1677259342285725926052
1677259342285725926079
1677259342285725942952
1677259342285725943655
1677259342285726382352
1677259342285726400631
1677259342285737806752
1677259342285738282007
1677259342286034841152
1677259342286047197783
1677259342293757735552
1677259342294079007959
1677259342494552989952
1677259342502906072535
1677259347715229604352
1677259347932409751511
1677259483452821578752
1677259489099505404887
1677263012630212913152
1677263159443992392663
1677354771242387607552
1677358588400654074839
1679740495158929661952
1679839741273857811415
1744349715977154962391
43608742899428874059776
43608742899428874059802
43608742899428874059803
43608742899428874060452
43608742899428874060479
43608742899428874077352
43608742899428874078055
43608742899428874516752
43608742899428874535031
43608742899428885941152
43608742899428886416407
43608742899429182975552
43608742899429195332183
43608742899436905869952
43608742899437227142359
43608742899637701124352
43608742899646054206935
43608742904858377738752
43608742905075557885911
43608743040595969713152
43608743046242653539287
43608746569773361047552
43608746716587140527063
43608838328385535741952
43608842145543802209239
43611224052302077796352
43611323298417005945815
43673252874132171210752
43675833273120303096791
45353092615406029022167
1133827315385150725554176
1133827315385150725554202
1133827315385150725554203
1133827315385150725554852
1133827315385150725554879
1133827315385150725571752
1133827315385150725572455
1133827315385150726011152
1133827315385150726029431
1133827315385150737435552
1133827315385150737910807
1133827315385151034469952
1133827315385151046826583
1133827315385158757364352
1133827315385159078636759
1133827315385359552618752
1133827315385367905701335
1133827315390580229233152
1133827315390797409380311
1133827315526317821207552
1133827315531964505033687
1133827319055495212541952
1133827319202308992021463
1133827410814107387236352
1133827414631265653703639
1133829796538023929290752
1133829895784138857440215
1133891825359854022705152
1133894405758842154591191
1135504574727436451479552
1135571665101127880516567
1179180408000556754576343
29479510200013918864408576
29479510200013918864408602
29479510200013918864408603
29479510200013918864409252
29479510200013918864409279
29479510200013918864426152
29479510200013918864426855
29479510200013918864865552
29479510200013918864883831
29479510200013918876289952
29479510200013918876765207
29479510200013919173324352
29479510200013919185680983
29479510200013926896218752
29479510200013927217491159
29479510200014127691473152
29479510200014136044555735
29479510200019348368087552
29479510200019565548234711
29479510200155085960061952
29479510200160732643888087
29479510203684263351396352
29479510203831077130875863
29479510295442875526090752
29479510299260033792558039
29479512681166792068145152
29479512780412906996294615
29479574709988622161559552
29479577290387610293445591
29481187459356204590333952
29481254549729896019370967
29523118942913347738468352
29524863292629324893430743
30658690608014475618984919
766467265200361890474622976
766467265200361890474623002
766467265200361890474623003
766467265200361890474623652
766467265200361890474623679
766467265200361890474640552
766467265200361890474641255
766467265200361890475079952
766467265200361890475098231
766467265200361890486504352
766467265200361890486979607
766467265200361890783538752
766467265200361890795895383
766467265200361898506433152
766467265200361898827705559
766467265200362099301687552
766467265200362107654770135
766467265200367319978301952
766467265200367537158449111
766467265200503057570276352
766467265200508704254102487
766467265204032234961610752
766467265204179048741090263
766467265295790847136305152
766467265299608005402772439
766467267681514763678359552
766467267780760878606509015
766467329710336593771773952
766467332290735581903659991
766468942459704176200548352
766469009550077867629585367
766510873943261319348682752
766512618292977296503645143
767601092515747041200177152
767646445608362447229199319
797125955808376366093607895
19928148895209409152340197376
19928148895209409152340197402
19928148895209409152340197403
19928148895209409152340198052
19928148895209409152340198079
19928148895209409152340214952
19928148895209409152340215655
19928148895209409152340654352
19928148895209409152340672631
19928148895209409152352078752
19928148895209409152352554007
19928148895209409152649113152
19928148895209409152661469783
19928148895209409160372007552
19928148895209409160693279959
19928148895209409361167261952
19928148895209409369520344535
19928148895209414581843876352
19928148895209414799024023511
19928148895209550319435850752
19928148895209555966119676887
19928148895213079496827185152
19928148895213226310606664663
19928148895304838109001879552
19928148895308655267268346839
19928148897690562025543933952
19928148897789808140472083415
19928148959719383855637348352
19928148962299782843769234391
19928150572468751438066122752
19928150639559125129495159767
19928192503952308581214257152
19928194248302024558369219543
19929282722524794303065751552
19929328075617409709094773719
19957628405409423071204605952
19958807585817423627959182295
20725274851017785518433805271
518131871275444637960845131776
518131871275444637960845131802
518131871275444637960845131803
518131871275444637960845132452
518131871275444637960845132479
518131871275444637960845149352
518131871275444637960845150055
518131871275444637960845588752
518131871275444637960845607031
518131871275444637960857013152
518131871275444637960857488407
518131871275444637961154047552
518131871275444637961166404183
518131871275444637968876941952
518131871275444637969198214359
518131871275444638169672196352
518131871275444638178025278935
518131871275444643390348810752
518131871275444643607528957911
518131871275444779127940785152
518131871275444784774624611287
518131871275448308305332119552
518131871275448455119111599063
518131871275540066917506813952
518131871275543884075773281239
518131871277925790834048868352
518131871278025036948977017815
518131871339954612664142282752
518131871342535011652274168791
518131872952703980246571057152
518131873019794353938000094167
518131914884187537389719191552
518131916628537253366874153943
518133005102760023111570685952
518133050455852638517599708119
518161350785644651879709540352
518162529966052652436464116695
518898338540644999851319754752
518928997231253014326938739671
538857146126462423479278937047
13471428653161560586981973426176
13471428653161560586981973426202
13471428653161560586981973426203
13471428653161560586981973426852
13471428653161560586981973426879
13471428653161560586981973443752
13471428653161560586981973444455
13471428653161560586981973883152
13471428653161560586981973901431
13471428653161560586981985307552
13471428653161560586981985782807
13471428653161560586982282341952
13471428653161560586982294698583
13471428653161560586990005236352
13471428653161560586990326508759
13471428653161560587190800490752
13471428653161560587199153573335
13471428653161560592411477105152
13471428653161560592628657252311
13471428653161560728149069079552
13471428653161560733795752905687
13471428653161564257326460413952
13471428653161564404140239893463
13471428653161656015938635108352
13471428653161659833096901575639
13471428653164041739855177162752
13471428653164140985970105312215
13471428653226070561685270577152
13471428653228650960673402463191
13471428654838819929267699351552
13471428654905910302959128388567
13471428696770303486410847485952
13471428698514653202388002448343
13471429786988875972132698980352
13471429832341968587538728002519
13471458132671760600900837834752
13471459311852168601457592411095
13472195120426760948872448049152
13472225779117368963348067034071
13491356802056769996134313623552
13492153928012578372500407231447
14010285799288023010461252363223
350257144982200575261531309080576
350257144982200575261531309080602
350257144982200575261531309080603
350257144982200575261531309081252
350257144982200575261531309081279
350257144982200575261531309098152
350257144982200575261531309098855
350257144982200575261531309537552
350257144982200575261531309555831
350257144982200575261531320961952
350257144982200575261531321437207
350257144982200575261531617996352
350257144982200575261531630352983
350257144982200575261539340890752
350257144982200575261539662163159
350257144982200575261740136145152
350257144982200575261748489227735
350257144982200575266960812759552
350257144982200575267177992906711
350257144982200575402698404733952
350257144982200575408345088560087
350257144982200578931875796068352
350257144982200579078689575547863
350257144982200670690487970762752
350257144982200674507646237230039
350257144982203056414404512817152
350257144982203155660519440966615
350257144982265085236234606231552
350257144982267665635222738117591
350257144983877834603817035005952
350257144983944924977508464042967
350257145025809318160960183140352
350257145027553667876937338102743
350257146116027890646682034634752
350257146161380983262088063656919
350257174461710775275450173489152
350257175640891183276006928065495
350257911449465775623421783703552
350257942108156383637897402688471
350277073131095784670683649277952
350277870257051593047049742885847
350775276853476019899492154212352
350796002128327037685010588017623
364267430781488598271992561443799
9106685769537214956799814036094976
9106685769537214956799814036095002
9106685769537214956799814036095003
9106685769537214956799814036095652
9106685769537214956799814036095679
9106685769537214956799814036112552
9106685769537214956799814036113255
9106685769537214956799814036551952
9106685769537214956799814036570231
9106685769537214956799814047976352
9106685769537214956799814048451607
9106685769537214956799814345010752
9106685769537214956799814357367383
9106685769537214956799822067905152
9106685769537214956799822389177559
9106685769537214956800022863159552
9106685769537214956800031216242135
9106685769537214956805243539773952
9106685769537214956805460719921111
9106685769537214956940981131748352
9106685769537214956946627815574487
9106685769537214960470158523082752
9106685769537214960616972302562263
9106685769537215052228770697777152
9106685769537215056045928964244439
9106685769537217437952687239831552
9106685769537217537198802167981015
9106685769537279466774517333245952
9106685769537282047173505465131991
9106685769538892216142099762020352
9106685769538959306515791191057367
9106685769580823699699242910154752
9106685769582568049415220065117143
9106685770671042272184964761649152
9106685770716395364800370790671319
9106685799016725156813732900503552
9106685800195905564814289655079895
9106686536004480157161704510717952
9106686566663170765176180129702871
9106705697686110166208966376292352
9106706494812065974585332469900247
9107203901408490401437774881226752
9107224626683341419223293315032023
9120157198190376517386796009521152
9120696055336502979810275288458199
9470953200318703555071806597538775
236773830007967588876795164938469376
236773830007967588876795164938469402
236773830007967588876795164938469403
236773830007967588876795164938470052
236773830007967588876795164938470079
236773830007967588876795164938486952
236773830007967588876795164938487655
236773830007967588876795164938926352
236773830007967588876795164938944631
236773830007967588876795164950350752
236773830007967588876795164950826007
236773830007967588876795165247385152
236773830007967588876795165259741783
236773830007967588876795172970279552
236773830007967588876795173291551959
236773830007967588876795373765533952
236773830007967588876795382118616535
236773830007967588876800594442148352
236773830007967588876800811622295511
236773830007967588876936332034122752
236773830007967588876941978717948887
236773830007967588880465509425457152
236773830007967588880612323204936663
236773830007967588972224121600151552
236773830007967588976041279866618839
236773830007967591357948038142205952
236773830007967591457194153070355415
236773830007967653386769868235620352
236773830007967655967168856367506391
236773830007969266136137450664394752
236773830007969333226511142093431767
236773830008011197619694593812529152
236773830008012941969410570967491543
236773830009101416192180315664023552
236773830009146769284795721693045719
236773830037447099076809083802877952
236773830038626279484809640557454295
236773830774434854077157055413092352
236773830805093544685171531032077271
236773849936116484086204317278666752
236773850733242439894580683372274647
236774348139838864321433125783601152
236774368865113715339218644217406423
236787301436620750437382146911895552
236787840293766876899805626190832599
237124087152949789452056696247549952
237138097438749077475067157499913175
246244783208286292431866971536008151
6156119580207157310796674288400203776
6156119580207157310796674288400203802
6156119580207157310796674288400203803
6156119580207157310796674288400204452
6156119580207157310796674288400204479
6156119580207157310796674288400221352
6156119580207157310796674288400222055
6156119580207157310796674288400660752
6156119580207157310796674288400679031
6156119580207157310796674288412085152
6156119580207157310796674288412560407
6156119580207157310796674288709119552
6156119580207157310796674288721476183
6156119580207157310796674296432013952
6156119580207157310796674296753286359
6156119580207157310796674497227268352
6156119580207157310796674505580350935
6156119580207157310796679717903882752
6156119580207157310796679935084029911
6156119580207157310796815455495857152
6156119580207157310796821102179683287
6156119580207157310800344632887191552
6156119580207157310800491446666671063
6156119580207157310892103245061885952
6156119580207157310895920403328353239
6156119580207157313277827161603940352
6156119580207157313377073276532089815
6156119580207157375306648991697354752
6156119580207157377887047979829240791
6156119580207158988056016574126129152
6156119580207159055146390265555166167
6156119580207200919539573717274263552
6156119580207202663889289694429225943
6156119580208291138112059439125757952
6156119580208336491204674845154780119
6156119580236636820996688207264612352
6156119580237816001404688764019188695
6156119580973624575997036178874826752
6156119581004283266605050654493811671
6156119600135306206006083440740401152
6156119600932432161814459806834009047
6156120098339028586241312249245335552
6156120119064303437259097767679140823
6156133051635810472357261270373629952
6156133590492956598819684749652566999
6156469837352139511371935819709284352
6156483847637938799394946280961647575
6165226265976694525753474102436298752
6165590533407476014351746094997742551
6402364363415443603228541259936211927
160059109085386090080713531498405298176
160059109085386090080713531498405298202
160059109085386090080713531498405298203
160059109085386090080713531498405298852
160059109085386090080713531498405298879
160059109085386090080713531498405315752
160059109085386090080713531498405316455
160059109085386090080713531498405755152
160059109085386090080713531498405773431
160059109085386090080713531498417179552
160059109085386090080713531498417654807
160059109085386090080713531498714213952
160059109085386090080713531498726570583
160059109085386090080713531506437108352
160059109085386090080713531506758380759
160059109085386090080713531707232362752
160059109085386090080713531715585445335
160059109085386090080713536927908977152
160059109085386090080713537145089124311
160059109085386090080713672665500951552
160059109085386090080713678312184777687
160059109085386090080717201842892285952
160059109085386090080717348656671765463
160059109085386090080808960455066980352
160059109085386090080812777613333447639
160059109085386090083194684371609034752
160059109085386090083293930486537184215
160059109085386090145223506201702449152
160059109085386090147803905189834335191
160059109085386091757972873784131223552
160059109085386091825063247475560260567
160059109085386133689456430927279357952
160059109085386135433806146904434320343
160059109085387223908028916649130852352
160059109085387269261121532055159874519
160059109085415569590913545417269706752
160059109085416748771321545974024283095
160059109086152557345913893388879921152
160059109086183216036521907864498906071
160059109105314238975922940650745495552
160059109106111364931731317016839103447
160059109603517961356158169459250429952
160059109624243236207175954977684235223
160059122556814743242274118480378724352
160059123095671889368736541959657661399
160059459342531072281288793029714378752
160059473352816871569311803490966741975
160068215771155627295670331312441393152
160068580038586408784268603305002836951
160295882915394057669590326663343767552
160305353868594376373145398469941306327
166461473448801533683942072758341510103
