729
531441
532170
387420489
387421218
387951930
282429536481
282429537210
282430067922
282816956970
205891132094649
205891132095378
205891132626090
205891519515138
206173561631130
150094635296999121
150094635296999850
150094635297530562
150094635684419610
150094917726535602
150300526429093770
109418989131512359209
109418989131512359938
109418989131512890650
109418989131899779698
109418989413941895690
109419195022644453858
109569083766809358330
79766443076872509863361
79766443076872509864090
79766443076872510394802
79766443076872897283850
79766443077154939399842
79766443282763641958010
79766593171507806862482
79875862066004022222570
58149737003040059690390169
58149737003040059690390898
58149737003040059690921610
58149737003040060077810658
58149737003040342119926650
58149737003245950822484818
58149737153134694987389290
58149846422029191202749378
58229503446116932200253530
42391158275216203514294433201
42391158275216203514294433930
42391158275216203514294964642
42391158275216203514681853690
42391158275216203796723969682
42391158275216409405426527850
42391158275366298149591432322
42391158384635192645806792410
42391238041659280386804296562
42449308012219243573984823370
30903154382632612361920641803529
30903154382632612361920641804258
30903154382632612361920642334970
30903154382632612361921029224018
30903154382632612362203071340010
30903154382632612567811773898178
30903154382632762456555938802650
30903154382742031351052154162738
30903154462399055438793151666890
30903212532369615401980332193698
30945545540907828565434936236730
22528399544939174411840147874772641
22528399544939174411840147874773370
22528399544939174411840147875304082
22528399544939174411840148262193130
22528399544939174411840430304309122
22528399544939174412046039006867290
22528399544939174561934783171771762
22528399544939283830829279387131850
22528399545018940854917020384636002
22528399603088911414880207565162810
22528441936097449628043662169205842
22559302699321807024202068516576170
16423203268260658146231467800709255289
16423203268260658146231467800709256018
16423203268260658146231467800709786730
16423203268260658146231467801096675778
16423203268260658146231468083138791770
16423203268260658146231673691841349938
16423203268260658146381562436006254410
16423203268260658255650456932221614498
16423203268260737912674544673219118650
16423203268318807883234507860399645458
16423203310651816421447671315003688490
16423234171415040778843829721351058818
16445731667805597320643307948584027930
