81
91
729
738
739
820
6561
6570
6571
6642
6652
7381
59049
59058
59059
59130
59140
59778
59869
66430
531441
531450
531451
531522
531532
532170
532261
538002
538822
597871
4782969
4782978
4782979
4783050
4783060
4783698
4783789
4789530
4790350
4842018
4849399
5380840
43046721
43046730
43046731
43046802
43046812
43047450
43047541
43053282
43054102
43105770
43113151
43578162
43644592
48427561
387420489
387420498
387420499
387420570
387420580
387421218
387421309
387427050
387427870
387479538
387486919
387951930
388018360
392203458
392801329
435848050
3486784401
3486784410
3486784411
3486784482
3486784492
3486785130
3486785221
3486790962
3486791782
3486843450
3486850831
3487315842
3487382272
3491567370
3492165241
3529831122
3535211962
3922632451
31381059609
31381059618
31381059619
31381059690
31381059700
31381060338
31381060429
31381066170
31381066990
31381118658
31381126039
31381591050
31381657480
31385842578
31386440449
31424106330
31429487170
31768480098
31816907659
35303692060
282429536481
282429536490
282429536491
282429536562
282429536572
282429537210
282429537301
282429543042
282429543862
282429595530
282429602911
282430067922
282430134352
282434319450
282434917321
282472583202
282477964042
282816956970
282865384531
285916320882
286352168932
317733228541
2541865828329
2541865828338
2541865828339
2541865828410
2541865828420
2541865829058
2541865829149
2541865834890
2541865835710
2541865887378
2541865894759
2541866359770
2541866426200
2541870611298
2541871209169
2541908875050
2541914255890
2542253248818
2542301676379
2545352612730
2545788460780
2573246887938
2577169520389
2859599056870
22876792454961
22876792454970
22876792454971
22876792455042
22876792455052
22876792455690
22876792455781
22876792461522
22876792462342
22876792514010
22876792521391
22876792986402
22876793052832
22876797237930
22876797835801
22876835501682
22876840882522
22877179875450
22877228303011
22880279239362
22880715087412
22908173514570
22912096147021
23159221991442
23194525683502
25736391511831
205891132094649
205891132094658
205891132094659
205891132094730
205891132094740
205891132095378
205891132095469
205891132101210
205891132102030
205891132153698
205891132161079
205891132626090
205891132692520
205891136877618
205891137475489
205891175141370
205891180522210
205891519515138
205891567942699
205894618879050
205895054727100
205922513154258
205926435786709
206173561631130
206208865323190
208432997922978
208750731151519
231627523606480
1853020188851841
1853020188851850
1853020188851851
1853020188851922
1853020188851932
1853020188852570
1853020188852661
1853020188858402
1853020188859222
1853020188910890
1853020188918271
1853020189383282
1853020189449712
1853020193634810
1853020194232681
1853020231898562
1853020237279402
1853020576272330
1853020624699891
1853023675636242
1853024111484292
1853051569911450
1853055492543901
1853302618388322
1853337922080382
1855562054680170
1855879787908711
1875896981306802
1878756580363672
2084647712458321
16677181699666569
16677181699666578
16677181699666579
16677181699666650
16677181699666660
16677181699667298
16677181699667389
16677181699673130
16677181699673950
16677181699725618
16677181699732999
16677181700198010
16677181700264440
16677181704449538
16677181705047409
16677181742713290
16677181748094130
16677182087087058
16677182135514619
16677185186450970
16677185622299020
16677213080726178
16677217003358629
16677464129203050
16677499432895110
16679723565494898
16680041298723439
16700058492121530
16702918091178400
16883072831761218
16908809223273049
18761829412124890
150094635296999121
150094635296999130
150094635296999131
150094635296999202
150094635296999212
150094635296999850
150094635296999941
150094635297005682
150094635297006502
150094635297058170
150094635297065551
150094635297530562
150094635297596992
150094635301782090
150094635302379961
150094635340045842
150094635345426682
150094635684419610
150094635732847171
150094638783783522
150094639219631572
150094666678058730
150094670600691181
150094917726535602
150094953030227662
150097177162827450
150097494896055991
150117512089454082
150120371688510952
150300526429093770
150326262820605601
151947655485850962
152179283009457442
168856464709124011
1350851717672992089
1350851717672992098
1350851717672992099
1350851717672992170
1350851717672992180
1350851717672992818
1350851717672992909
1350851717672998650
1350851717672999470
1350851717673051138
1350851717673058519
1350851717673523530
1350851717673589960
1350851717677775058
1350851717678372929
1350851717716038810
1350851717721419650
1350851718060412578
1350851718108840139
1350851721159776490
1350851721595624540
1350851749054051698
1350851752976684149
1350852000102528570
1350852035406220630
1350854259538820418
1350854577272048959
1350874594465447050
1350877454064503920
1351057608805086738
1351083345196598569
1352704737861843930
1352936365385450410
1367528899372658658
1369613547085116979
1519708182382116100
12157665459056928801
12157665459056928810
12157665459056928811
12157665459056928882
12157665459056928892
12157665459056929530
12157665459056929621
12157665459056935362
12157665459056936182
12157665459056987850
12157665459056995231
12157665459057460242
12157665459057526672
12157665459061711770
12157665459062309641
12157665459099975522
12157665459105356362
12157665459444349290
12157665459492776851
12157665462543713202
12157665462979561252
12157665490437988410
12157665494360620861
12157665741486465282
12157665776790157342
12157668000922757130
12157668318655985671
12157688335849383762
12157691195448440632
12157871350189023450
12157897086580535281
12159518479245780642
12159750106769387122
12174342640756595370
12176427288469053691
12307760094353927922
12326521923766052812
13677373641439044901
109418989131512359209
109418989131512359218
109418989131512359219
109418989131512359290
109418989131512359300
109418989131512359938
109418989131512360029
109418989131512365770
109418989131512366590
109418989131512418258
109418989131512425639
109418989131512890650
109418989131512957080
109418989131517142178
109418989131517740049
109418989131555405930
109418989131560786770
109418989131899779698
109418989131948207259
109418989134999143610
109418989135434991660
109418989162893418818
109418989166816051269
109418989413941895690
109418989449245587750
109418991673378187538
109418991991111416079
109419012008304814170
109419014867903871040
109419195022644453858
109419220759035965689
109420842151701211050
109421073779224817530
109435666313212025778
109437750960924484099
109569083766809358330
109587845596221483220
110769840849185351298
110938697313894475309
123096362772951404110
984770902183611232881
984770902183611232890
984770902183611232891
984770902183611232962
984770902183611232972
984770902183611233610
984770902183611233701
984770902183611239442
984770902183611240262
984770902183611291930
984770902183611299311
984770902183611764322
984770902183611830752
984770902183616015850
984770902183616613721
984770902183654279602
984770902183659660442
984770902183998653370
984770902184047080931
984770902187098017282
984770902187533865332
984770902214992292490
984770902218914924941
984770902466040769362
984770902501344461422
984770904725477061210
984770905043210289751
984770925060403687842
984770927920002744712
984771108074743327530
984771133811134839361
984772755203800084722
984772986831323691202
984787579365310899450
984789664013023357771
984920996818908232002
984939758648320356892
986121753901284224970
986290610365993348981
996928567642668161682
998448275825050277782
1107867264956562636991
8862938119652501095929
8862938119652501095938
8862938119652501095939
8862938119652501096010
8862938119652501096020
8862938119652501096658
8862938119652501096749
8862938119652501102490
8862938119652501103310
8862938119652501154978
8862938119652501162359
8862938119652501627370
8862938119652501693800
8862938119652505878898
8862938119652506476769
8862938119652544142650
8862938119652549523490
8862938119652888516418
8862938119652936943979
8862938119655987880330
8862938119656423728380
8862938119683882155538
8862938119687804787989
8862938119934930632410
8862938119970234324470
8862938122194366924258
8862938122512100152799
8862938142529293550890
8862938145388892607760
8862938325543633190578
8862938351280024702409
8862939972672689947770
8862940204300213554250
8862954796834200762498
8862956881481913220819
8863088214287798095050
8863106976117210219940
8864288971370174088018
8864457827834883212029
8875095785111558024730
8876615493293940140830
8972357108784013455138
8986034482425452500039
9970805384609063732920
79766443076872509863361
79766443076872509863370
79766443076872509863371
79766443076872509863442
79766443076872509863452
79766443076872509864090
79766443076872509864181
79766443076872509869922
79766443076872509870742
79766443076872509922410
79766443076872509929791
79766443076872510394802
79766443076872510461232
79766443076872514646330
79766443076872515244201
79766443076872552910082
79766443076872558290922
79766443076872897283850
79766443076872945711411
79766443076875996647762
79766443076876432495812
79766443076903890922970
79766443076907813555421
79766443077154939399842
79766443077190243091902
79766443079414375691690
79766443079732108920231
79766443099749302318322
79766443102608901375192
79766443282763641958010
79766443308500033469841
79766444929892698715202
79766445161520222321682
79766459754054209529930
79766461838701921988251
79766593171507806862482
79766611933337218987372
79767793928590182855450
79767962785054891979461
79778600742331566792162
79780120450513948908262
79875862066004022222570
79889539439645461267471
80751213979056121096242
80874310341829072500352
89737248461481573596281
717897987691852588770249
717897987691852588770258
717897987691852588770259
717897987691852588770330
717897987691852588770340
717897987691852588770978
717897987691852588771069
717897987691852588776810
717897987691852588777630
717897987691852588829298
717897987691852588836679
717897987691852589301690
717897987691852589368120
717897987691852593553218
717897987691852594151089
717897987691852631816970
717897987691852637197810
717897987691852976190738
717897987691853024618299
717897987691856075554650
717897987691856511402700
717897987691883969829858
717897987691887892462309
717897987692135018306730
717897987692170321998790
717897987694394454598578
717897987694712187827119
717897987714729381225210
717897987717588980282080
717897987897743720864898
717897987923480112376729
717897989544872777622090
717897989776500301228570
717898004369034288436818
717898006453682000895139
717898137786487885769370
717898156548317297894260
717899338543570261762338
717899507400034970886349
717910145357311645699050
717911665065494027815150
718007406680984101129458
718021084054625540174359
718882758594036200003130
719005854956809151407240
726760925811505089866178
727868793076461652503169
807635236153334162366530
6461081889226673298932241
6461081889226673298932250
6461081889226673298932251
6461081889226673298932322
6461081889226673298932332
6461081889226673298932970
6461081889226673298933061
6461081889226673298938802
6461081889226673298939622
6461081889226673298991290
6461081889226673298998671
6461081889226673299463682
6461081889226673299530112
6461081889226673303715210
6461081889226673304313081
6461081889226673341978962
6461081889226673347359802
6461081889226673686352730
6461081889226673734780291
6461081889226676785716642
6461081889226677221564692
6461081889226704679991850
6461081889226708602624301
6461081889226955728468722
6461081889226991032160782
6461081889229215164760570
6461081889229532897989111
6461081889249550091387202
6461081889252409690444072
6461081889432564431026890
6461081889458300822538721
6461081891079693487784082
6461081891311321011390562
6461081905903854998598810
6461081907988502711057131
6461082039321308595931362
6461082058083138008056252
6461083240078390971924330
6461083408934855681048341
6461094046892132355861042
6461095566600314737977142
6461191308215804811291450
6461204985589446250336351
6462066660128856910165122
6462189756491629861569232
6469944827346325800028170
6471052694611282362665161
6540848332303545808795602
6550819137688154872528522
7268717125380007461298771
58149737003040059690390169
58149737003040059690390178
58149737003040059690390179
58149737003040059690390250
58149737003040059690390260
58149737003040059690390898
58149737003040059690390989
58149737003040059690396730
58149737003040059690397550
58149737003040059690449218
58149737003040059690456599
58149737003040059690921610
58149737003040059690988040
58149737003040059695173138
58149737003040059695771009
58149737003040059733436890
58149737003040059738817730
58149737003040060077810658
58149737003040060126238219
58149737003040063177174570
58149737003040063613022620
58149737003040091071449778
58149737003040094994082229
58149737003040342119926650
58149737003040377423618710
58149737003042601556218498
58149737003042919289447039
58149737003062936482845130
58149737003065796081902000
58149737003245950822484818
58149737003271687213996649
58149737004893079879242010
58149737005124707402848490
58149737019717241390056738
58149737021801889102515059
58149737153134694987389290
58149737171896524399514180
58149738353891777363382258
58149738522748242072506269
58149749160705518747318970
58149750680413701129435070
58149846422029191202749378
58149860099402832641794279
58150721773942243301623050
58150844870305016253027160
58158599941159712191486098
58159707808424668754123089
58229503446116932200253530
58239474251501541263986450
58867634990731912279160418
58957372239193393852756699
65418454128420067151688940
523347633027360537213511521
523347633027360537213511530
523347633027360537213511531
523347633027360537213511602
523347633027360537213511612
523347633027360537213512250
523347633027360537213512341
523347633027360537213518082
523347633027360537213518902
523347633027360537213570570
523347633027360537213577951
523347633027360537214042962
523347633027360537214109392
523347633027360537218294490
523347633027360537218892361
523347633027360537256558242
523347633027360537261939082
523347633027360537600932010
523347633027360537649359571
523347633027360540700295922
523347633027360541136143972
523347633027360568594571130
523347633027360572517203581
523347633027360819643048002
523347633027360854946740062
523347633027363079079339850
523347633027363396812568391
523347633027383414005966482
523347633027386273605023352
523347633027566428345606170
523347633027592164737118001
523347633029213557402363362
523347633029445184925969842
523347633044037718913178090
523347633046122366625636411
523347633177455172510510642
523347633196217001922635532
523347634378212254886503610
523347634547068719595627621
523347645185025996270440322
523347646704734178652556422
523347742446349668725870730
523347756123723310164915631
523348617798262720824744402
523348740894625493776148512
523356495965480189714607450
523357603832745146277244441
523427399470437409723374882
523437370275822018787107802
524065531015052389802281770
524155268263513871375878051
529808714916587210512443762
530616350152740544674810292
588766087155780604365200461
4710128697246244834921603689
4710128697246244834921603698
4710128697246244834921603699
4710128697246244834921603770
4710128697246244834921603780
4710128697246244834921604418
4710128697246244834921604509
4710128697246244834921610250
4710128697246244834921611070
4710128697246244834921662738
4710128697246244834921670119
4710128697246244834922135130
4710128697246244834922201560
4710128697246244834926386658
4710128697246244834926984529
4710128697246244834964650410
4710128697246244834970031250
4710128697246244835309024178
4710128697246244835357451739
4710128697246244838408388090
4710128697246244838844236140
4710128697246244866302663298
4710128697246244870225295749
4710128697246245117351140170
4710128697246245152654832230
4710128697246247376787432018
4710128697246247694520660559
4710128697246267711714058650
4710128697246270571313115520
4710128697246450726053698338
4710128697246476462445210169
4710128697248097855110455530
4710128697248329482634062010
4710128697262922016621270258
4710128697265006664333728579
4710128697396339470218602810
4710128697415101299630727700
4710128698597096552594595778
4710128698765953017303719789
4710128709403910293978532490
4710128710923618476360648590
4710128806665233966433962898
4710128820342607607873007799
4710129682017147018532836570
4710129805113509791484240680
4710137560184364487422699618
4710138668051629443985336609
4710208463689321707431467050
4710218434494706316495199970
4710846595233936687510373938
4710936332482398169083970219
4716589779135471508220535930
4717397414371624842382902460
4768278434249284894611993858
4775547151374664902073292629
5298894784402025439286804150
42391158275216203514294433201
42391158275216203514294433210
42391158275216203514294433211
42391158275216203514294433282
42391158275216203514294433292
42391158275216203514294433930
42391158275216203514294434021
42391158275216203514294439762
42391158275216203514294440582
42391158275216203514294492250
42391158275216203514294499631
42391158275216203514294964642
42391158275216203514295031072
42391158275216203514299216170
42391158275216203514299814041
42391158275216203514337479922
42391158275216203514342860762
42391158275216203514681853690
42391158275216203514730281251
42391158275216203517781217602
42391158275216203518217065652
42391158275216203545675492810
42391158275216203549598125261
42391158275216203796723969682
42391158275216203832027661742
42391158275216206056160261530
42391158275216206373893490071
42391158275216226391086888162
42391158275216229250685945032
42391158275216409405426527850
42391158275216435141818039681
42391158275218056534483285042
42391158275218288162006891522
42391158275232880695994099770
42391158275234965343706558091
42391158275366298149591432322
42391158275385059979003557212
42391158276567055231967425290
42391158276735911696676549301
42391158287373868973351362002
42391158288893577155733478102
42391158384635192645806792410
42391158398312566287245837311
42391159259987105697905666082
42391159383083468470857070192
42391167138154323166795529130
42391168246021588123358166121
42391238041659280386804296562
42391248012464664995868029482
42391876173203895366883203450
42391965910452356848456799731
42397619357105430187593365442
42398426992341583521755731972
42449308012219243573984823370
42456576729344623581446122141
42914505908243564051507944722
42979924362371984118659633662
47690053059618228953581237351
381520424476945831628649898809
381520424476945831628649898818
381520424476945831628649898819
381520424476945831628649898890
381520424476945831628649898900
381520424476945831628649899538
381520424476945831628649899629
381520424476945831628649905370
381520424476945831628649906190
381520424476945831628649957858
381520424476945831628649965239
381520424476945831628650430250
381520424476945831628650496680
381520424476945831628654681778
381520424476945831628655279649
381520424476945831628692945530
381520424476945831628698326370
381520424476945831629037319298
381520424476945831629085746859
381520424476945831632136683210
381520424476945831632572531260
381520424476945831660030958418
381520424476945831663953590869
381520424476945831911079435290
381520424476945831946383127350
381520424476945834170515727138
381520424476945834488248955679
381520424476945854505442353770
381520424476945857365041410640
381520424476946037519781993458
381520424476946063256173505289
381520424476947684648838750650
381520424476947916276362357130
381520424476962508810349565378
381520424476964593458062023699
381520424477095926263946897930
381520424477114688093359022820
381520424478296683346322890898
381520424478465539811032014909
381520424489103497087706827610
381520424490623205270088943710
381520424586364820760162258018
381520424600042194401601302919
381520425461716733812261131690
381520425584813096585212535800
381520433339883951281150994738
381520434447751216237713631729
381520504243388908501159762170
381520514214194293110223495090
381521142374933523481238669058
381521232112181984962812265339
381526885558835058301948831050
381527693194071211636111197580
381578574213948871688340288978
381585842931074251695801587749
382043772109973192165863410330
382109190564101612233015099270
386230553174192076463571502498
386819319261347857067936702959
429210477536564060582231136160
3433683820292512484657849089281
3433683820292512484657849089290
3433683820292512484657849089291
3433683820292512484657849089362
3433683820292512484657849089372
3433683820292512484657849090010
3433683820292512484657849090101
3433683820292512484657849095842
3433683820292512484657849096662
3433683820292512484657849148330
3433683820292512484657849155711
3433683820292512484657849620722
3433683820292512484657849687152
3433683820292512484657853872250
3433683820292512484657854470121
3433683820292512484657892136002
3433683820292512484657897516842
3433683820292512484658236509770
3433683820292512484658284937331
3433683820292512484661335873682
3433683820292512484661771721732
3433683820292512484689230148890
3433683820292512484693152781341
3433683820292512484940278625762
3433683820292512484975582317822
3433683820292512487199714917610
3433683820292512487517448146151
3433683820292512507534641544242
3433683820292512510394240601112
3433683820292512690548981183930
3433683820292512716285372695761
3433683820292514337678037941122
3433683820292514569305561547602
3433683820292529161839548755850
3433683820292531246487261214171
3433683820292662579293146088402
3433683820292681341122558213292
3433683820293863336375522081370
3433683820294032192840231205381
3433683820304670150116906018082
3433683820306189858299288134182
3433683820401931473789361448490
3433683820415608847430800493391
3433683821277283386841460322162
3433683821400379749614411726272
3433683829155450604310350185210
3433683830263317869266912822201
3433683900058955561530358952642
3433683910029760946139422685562
3433684538190500176510437859530
3433684627927748637992011455811
3433690281374401711331148021522
3433691089009637864665310388052
3433741970029515524717539479450
3433749238746640904725000778221
3434207167925539845195062600802
3434272586379668265262214289742
3438393948989758729492770692970
3438982715076914510097135893431
3476074978567728688172143522482
3481373873352130713611430326632
3862894297829076545240080225441
30903154382632612361920641803529
30903154382632612361920641803538
30903154382632612361920641803539
30903154382632612361920641803610
30903154382632612361920641803620
30903154382632612361920641804258
30903154382632612361920641804349
30903154382632612361920641810090
30903154382632612361920641810910
30903154382632612361920641862578
30903154382632612361920641869959
30903154382632612361920642334970
30903154382632612361920642401400
30903154382632612361920646586498
30903154382632612361920647184369
30903154382632612361920684850250
30903154382632612361920690231090
30903154382632612361921029224018
30903154382632612361921077651579
30903154382632612361924128587930
30903154382632612361924564435980
30903154382632612361952022863138
30903154382632612361955945495589
30903154382632612362203071340010
30903154382632612362238375032070
30903154382632612364462507631858
30903154382632612364780240860399
30903154382632612384797434258490
30903154382632612387657033315360
30903154382632612567811773898178
30903154382632612593548165410009
30903154382632614214940830655370
30903154382632614446568354261850
30903154382632629039102341470098
30903154382632631123750053928419
30903154382632762456555938802650
30903154382632781218385350927540
30903154382633963213638314795618
30903154382634132070103023919629
30903154382644770027379698732330
30903154382646289735562080848430
30903154382742031351052154162738
30903154382755708724693593207639
30903154383617383264104253036410
30903154383740479626877204440520
30903154391495550481573142899458
30903154392603417746529705536449
30903154462399055438793151666890
30903154472369860823402215399810
30903155100530600053773230573778
30903155190267848515254804170059
30903160843714501588593940735770
30903161651349737741928103102300
30903212532369615401980332193698
30903219801086740781987793492469
30903677730265639722457855315050
30903743148719768142525007003990
30907864511329858606755563407218
30908453277417014387359928607679
30945545540907828565434936236730
30950844435692230590874223040880
31284674807109558193549291702338
31332364860169176422502872939689
34766048680461688907160722028970
278128389443693511257285776231761
278128389443693511257285776231770
278128389443693511257285776231771
278128389443693511257285776231842
278128389443693511257285776231852
278128389443693511257285776232490
278128389443693511257285776232581
278128389443693511257285776238322
278128389443693511257285776239142
278128389443693511257285776290810
278128389443693511257285776298191
278128389443693511257285776763202
278128389443693511257285776829632
278128389443693511257285781014730
278128389443693511257285781612601
278128389443693511257285819278482
278128389443693511257285824659322
278128389443693511257286163652250
278128389443693511257286212079811
278128389443693511257289263016162
278128389443693511257289698864212
278128389443693511257317157291370
278128389443693511257321079923821
278128389443693511257568205768242
278128389443693511257603509460302
278128389443693511259827642060090
278128389443693511260145375288631
278128389443693511280162568686722
278128389443693511283022167743592
278128389443693511463176908326410
278128389443693511488913299838241
278128389443693513110305965083602
278128389443693513341933488690082
278128389443693527934467475898330
278128389443693530019115188356651
278128389443693661351921073230882
278128389443693680113750485355772
278128389443694862109003449223850
278128389443695030965468158347861
278128389443705668922744833160562
278128389443707188630927215276662
278128389443802930246417288590970
278128389443816607620058727635871
278128389444678282159469387464642
278128389444801378522242338868752
278128389452556449376938277327690
278128389453664316641894839964681
278128389523459954334158286095122
278128389533430759718767349828042
278128390161591498949138365002010
278128390251328747410619938598291
278128395904775400483959075164002
278128396712410636637293237530532
278128447593430514297345466621930
278128454862147639677352927920701
278128912791326538617822989743282
278128978209780667037890141432222
278133099572390757502120697835450
278133688338477913282725063035911
278170780601968727460800070664962
278176079496753129486239357469112
278509909868170457088914426130570
278557599921230075317868007367921
281562073263986023741943625321042
281991283741522587802525856457202
312894438124155200164446498260731
2503155504993241601315571986085849
2503155504993241601315571986085858
2503155504993241601315571986085859
2503155504993241601315571986085930
2503155504993241601315571986085940
2503155504993241601315571986086578
2503155504993241601315571986086669
2503155504993241601315571986092410
2503155504993241601315571986093230
2503155504993241601315571986144898
2503155504993241601315571986152279
2503155504993241601315571986617290
2503155504993241601315571986683720
2503155504993241601315571990868818
2503155504993241601315571991466689
2503155504993241601315572029132570
2503155504993241601315572034513410
2503155504993241601315572373506338
2503155504993241601315572421933899
2503155504993241601315575472870250
2503155504993241601315575908718300
2503155504993241601315603367145458
2503155504993241601315607289777909
2503155504993241601315854415622330
2503155504993241601315889719314390
2503155504993241601318113851914178
2503155504993241601318431585142719
2503155504993241601338448778540810
2503155504993241601341308377597680
2503155504993241601521463118180498
2503155504993241601547199509692329
2503155504993241603168592174937690
2503155504993241603400219698544170
2503155504993241617992753685752418
2503155504993241620077401398210739
2503155504993241751410207283084970
2503155504993241770172036695209860
2503155504993242952167289659077938
2503155504993243121023754368201949
2503155504993253758981031043014650
2503155504993255278689213425130750
2503155504993351020304703498445058
2503155504993364697678344937489959
2503155504994226372217755597318730
2503155504994349468580528548722840
2503155505002104539435224487181778
2503155505003212406700181049818769
2503155505073008044392444495949210
2503155505082978849777053559682130
2503155505711139589007424574856098
2503155505800876837468906148452379
2503155511454323490542245285018090
2503155512261958726695579447384620
2503155563142978604355631676476018
2503155570411695729735639137774789
2503156028340874628676109199597370
2503156093759328757096176351286310
2503160215121938847560406907689538
2503160803888026003341011272889999
2503197896151516817519086280519050
2503203195046301219544525567323200
2503537025417718547147200635984658
2503584715470778165376154217222009
2506589188813534113800229835175130
2507018399291070677860812066311290
2534058659375874213677492627889378
2537921553673703290222732708114819
2816049943117396801480018484346580
22528399544939174411840147874772641
22528399544939174411840147874772650
22528399544939174411840147874772651
22528399544939174411840147874772722
22528399544939174411840147874772732
22528399544939174411840147874773370
22528399544939174411840147874773461
22528399544939174411840147874779202
22528399544939174411840147874780022
22528399544939174411840147874831690
22528399544939174411840147874839071
22528399544939174411840147875304082
22528399544939174411840147875370512
22528399544939174411840147879555610
22528399544939174411840147880153481
22528399544939174411840147917819362
22528399544939174411840147923200202
22528399544939174411840148262193130
22528399544939174411840148310620691
22528399544939174411840151361557042
22528399544939174411840151797405092
22528399544939174411840179255832250
22528399544939174411840183178464701
22528399544939174411840430304309122
22528399544939174411840465608001182
22528399544939174411842689740600970
22528399544939174411843007473829511
22528399544939174411863024667227602
22528399544939174411865884266284472
22528399544939174412046039006867290
22528399544939174412071775398379121
22528399544939174413693168063624482
22528399544939174413924795587230962
22528399544939174428517329574439210
22528399544939174430601977286897531
22528399544939174561934783171771762
22528399544939174580696612583896652
22528399544939175762691865547764730
22528399544939175931548330256888741
22528399544939186569505606931701442
22528399544939188089213789313817542
22528399544939283830829279387131850
22528399544939297508202920826176751
22528399544940159182742331486005522
22528399544940282279105104437409632
22528399544948037349959800375868570
22528399544949145217224756938505561
22528399545018940854917020384636002
22528399545028911660301629448368922
22528399545657072399532000463542890
22528399545746809647993482037139171
22528399551400256301066821173704882
22528399552207891537220155336071412
22528399603088911414880207565162810
22528399610357628540260215026461581
22528400068286807439200685088284162
22528400133705261567620752239973102
22528404255067871658084982796376330
22528404843833958813865587161576791
22528441936097449628043662169205842
22528447234992234030069101456009992
22528781065363651357671776524671450
22528828755416710975900730105908801
22531833228759466924324805723861922
22532262439237003488385387954998082
22559302699321807024202068516576170
22563165593619636100747308596801611
22806527934382867923097433651004402
22841293983063329612004594373033372
25344449488056571213320166359119221
202755595904452569706561330872953769
202755595904452569706561330872953778
202755595904452569706561330872953779
202755595904452569706561330872953850
202755595904452569706561330872953860
202755595904452569706561330872954498
202755595904452569706561330872954589
202755595904452569706561330872960330
202755595904452569706561330872961150
202755595904452569706561330873012818
202755595904452569706561330873020199
202755595904452569706561330873485210
202755595904452569706561330873551640
202755595904452569706561330877736738
202755595904452569706561330878334609
202755595904452569706561330916000490
202755595904452569706561330921381330
202755595904452569706561331260374258
202755595904452569706561331308801819
202755595904452569706561334359738170
202755595904452569706561334795586220
202755595904452569706561362254013378
202755595904452569706561366176645829
202755595904452569706561613302490250
202755595904452569706561648606182310
202755595904452569706563872738782098
202755595904452569706564190472010639
202755595904452569706584207665408730
202755595904452569706587067264465600
202755595904452569706767222005048418
202755595904452569706792958396560249
202755595904452569708414351061805610
202755595904452569708645978585412090
202755595904452569723238512572620338
202755595904452569725323160285078659
202755595904452569856655966169952890
202755595904452569875417795582077780
202755595904452571057413048545945858
202755595904452571226269513255069869
202755595904452581864226789929882570
202755595904452583383934972311998670
202755595904452679125550462385312978
202755595904452692802924103824357879
202755595904453554477463514484186650
202755595904453677573826287435590760
202755595904461432644680983374049698
202755595904462540511945939936686689
202755595904532336149638203382817130
202755595904542306955022812446550050
202755595905170467694253183461724018
202755595905260204942714665035320299
202755595910913651595788004171886010
202755595911721286831941338334252540
202755595962602306709601390563343938
202755595969871023834981398024642709
202755596427800202733921868086465290
202755596493218656862341935238154230
202755600614581266952806165794557458
202755601203347354108586770159757919
202755638295610844922764845167386970
202755643594505629324790284454191120
202755977424877046652392959522852578
202756025114930106270621913104089929
202759029588272862219045988722043050
202759458798750398783106570953179210
202786499058835202318923251514757298
202790361953133031395468491594982739
203033724293896263217818616649185530
203068490342576724906725777371214500
205258751409445811307876902859039618
205571645847569966508041349357300349
228100045392509140919881497232072990
1824800363140073127359051977856583921
1824800363140073127359051977856583930
1824800363140073127359051977856583931
1824800363140073127359051977856584002
1824800363140073127359051977856584012
1824800363140073127359051977856584650
1824800363140073127359051977856584741
1824800363140073127359051977856590482
1824800363140073127359051977856591302
1824800363140073127359051977856642970
1824800363140073127359051977856650351
1824800363140073127359051977857115362
1824800363140073127359051977857181792
1824800363140073127359051977861366890
1824800363140073127359051977861964761
1824800363140073127359051977899630642
1824800363140073127359051977905011482
1824800363140073127359051978244004410
1824800363140073127359051978292431971
1824800363140073127359051981343368322
1824800363140073127359051981779216372
1824800363140073127359052009237643530
1824800363140073127359052013160275981
1824800363140073127359052260286120402
1824800363140073127359052295589812462
1824800363140073127359054519722412250
1824800363140073127359054837455640791
1824800363140073127359074854649038882
1824800363140073127359077714248095752
1824800363140073127359257868988678570
1824800363140073127359283605380190401
1824800363140073127360904998045435762
1824800363140073127361136625569042242
1824800363140073127375729159556250490
1824800363140073127377813807268708811
1824800363140073127509146613153583042
1824800363140073127527908442565707932
1824800363140073128709903695529576010
1824800363140073128878760160238700021
1824800363140073139516717436913512722
1824800363140073141036425619295628822
1824800363140073236778041109368943130
1824800363140073250455414750807988031
1824800363140074112129954161467816802
1824800363140074235226316934419220912
1824800363140081990297171630357679850
1824800363140083098164436586920316841
1824800363140152893802128850366447282
1824800363140162864607513459430180202
1824800363140791025346743830445354170
1824800363140880762595205312018950451
1824800363146534209248278651155516162
1824800363147341844484431985317882692
1824800363198222864362092037546974090
1824800363205491581487472045008272861
1824800363663420760386412515070095442
1824800363728839214514832582221784382
1824800367850201824605296812778187610
1824800368438967911761077417143388071
1824800405531231402575255492151017122
1824800410830126186977280931437821272
1824800744660497604304883606506482730
1824800792350550663923112560087720081
1824803796823893419871536635705673202
1824804226034370956435597217936809362
1824831266294455759971413898498387450
1824835129188753589047959138578612891
1825078491529516820870309263632815682
1825113257578197282559216424354844652
1827303518645066368960367549842669770
1827616413083190524160531996340930501
1847328762685012301770892125731356562
1850144812628129698572372144215703142
2052900408532582268278933475088656911
16423203268260658146231467800709255289
16423203268260658146231467800709255298
16423203268260658146231467800709255299
16423203268260658146231467800709255370
16423203268260658146231467800709255380
16423203268260658146231467800709256018
16423203268260658146231467800709256109
16423203268260658146231467800709261850
16423203268260658146231467800709262670
16423203268260658146231467800709314338
16423203268260658146231467800709321719
16423203268260658146231467800709786730
16423203268260658146231467800709853160
16423203268260658146231467800714038258
16423203268260658146231467800714636129
16423203268260658146231467800752302010
16423203268260658146231467800757682850
16423203268260658146231467801096675778
16423203268260658146231467801145103339
16423203268260658146231467804196039690
16423203268260658146231467804631887740
16423203268260658146231467832090314898
16423203268260658146231467836012947349
16423203268260658146231468083138791770
16423203268260658146231468118442483830
16423203268260658146231470342575083618
16423203268260658146231470660308312159
16423203268260658146231490677501710250
16423203268260658146231493537100767120
16423203268260658146231673691841349938
16423203268260658146231699428232861769
16423203268260658146233320820898107130
16423203268260658146233552448421713610
16423203268260658146248144982408921858
16423203268260658146250229630121380179
16423203268260658146381562436006254410
16423203268260658146400324265418379300
16423203268260658147582319518382247378
16423203268260658147751175983091371389
16423203268260658158389133259766184090
16423203268260658159908841442148300190
16423203268260658255650456932221614498
16423203268260658269327830573660659399
16423203268260659131002369984320488170
16423203268260659254098732757271892280
16423203268260667009169587453210351218
16423203268260668117036852409772988209
16423203268260737912674544673219118650
16423203268260747883479929282282851570
16423203268261376044219159653298025538
16423203268261465781467621134871621819
16423203268267119228120694474008187530
16423203268267926863356847808170554060
16423203268318807883234507860399645458
16423203268326076600359887867860944229
16423203268784005779258828337922766810
16423203268849424233387248405074455750
16423203272970786843477712635630858978
16423203273559552930633493239996059439
16423203310651816421447671315003688490
16423203315950711205849696754290492640
16423203649781082623177299429359154098
16423203697471135682795528382940391449
16423206701944478438743952458558344570
16423207131154955975308013040789480730
16423234171415040778843829721351058818
16423238034309338607920374961431284259
16423481396650101839742725086485487050
16423516162698782301431632247207516020
16425706423765651387832783372695341138
16426019318203775543032947819193601869
16445731667805597320643307948584027930
16448547717748714717444787967068374510
16625958864165110715938029131582209058
16651303313653167287151349297941328279
18476103676793240414510401275797912200
147808829414345923316083210206383297601
147808829414345923316083210206383297610
147808829414345923316083210206383297611
147808829414345923316083210206383297682
147808829414345923316083210206383297692
147808829414345923316083210206383298330
147808829414345923316083210206383298421
147808829414345923316083210206383304162
147808829414345923316083210206383304982
147808829414345923316083210206383356650
147808829414345923316083210206383364031
147808829414345923316083210206383829042
147808829414345923316083210206383895472
147808829414345923316083210206388080570
147808829414345923316083210206388678441
147808829414345923316083210206426344322
147808829414345923316083210206431725162
147808829414345923316083210206770718090
147808829414345923316083210206819145651
147808829414345923316083210209870082002
147808829414345923316083210210305930052
147808829414345923316083210237764357210
147808829414345923316083210241686989661
147808829414345923316083210488812834082
147808829414345923316083210524116526142
147808829414345923316083212748249125930
147808829414345923316083213065982354471
147808829414345923316083233083175752562
147808829414345923316083235942774809432
147808829414345923316083416097515392250
147808829414345923316083441833906904081
147808829414345923316085063226572149442
147808829414345923316085294854095755922
147808829414345923316099887388082964170
147808829414345923316101972035795422491
147808829414345923316233304841680296722
147808829414345923316252066671092421612
147808829414345923317434061924056289690
147808829414345923317602918388765413701
147808829414345923328240875665440226402
147808829414345923329760583847822342502
147808829414345923425502199337895656810
147808829414345923439179572979334701711
147808829414345924300854112389994530482
147808829414345924423950475162945934592
147808829414345932179021329858884393530
147808829414345933286888594815447030521
147808829414346003082526287078893160962
147808829414346013053331671687956893882
147808829414346641214070902058972067850
147808829414346730951319363540545664131
147808829414352384397972436879682229842
147808829414353192033208590213844596372
147808829414404073053086250266073687770
147808829414411341770211630273534986541
147808829414869270949110570743596809122
147808829414934689403238990810748498062
147808829419056052013329455041304901290
147808829419644818100485235645670101751
147808829456737081591299413720677730802
147808829462035976375701439159964534952
147808829795866347793029041835033196410
147808829843556400852647270788614433761
147808832848029743608595694864232386882
147808833277240221145159755446463523042
147808860317500305948695572127025101130
147808864180394603777772117367105326571
147809107542735367009594467492159529362
147809142308784047471283374652881558332
147811332569850916557684525778369383450
147811645464289040712884690224867644181
147831357813890862490495050354258070242
147834173863833979887296530372742416822
148011585010250375885789771537256251370
148036929459738432457003091703615370591
149633629777485996443442262184239881522
149861729822878505584362143681471954512
166284933091139163730593611482181209801
