81
82
6561
6642
531441
531522
538002
43046721
43046802
43053282
43578162
3486784401
3486784482
3486790962
3487315842
3529831122
282429536481
282429536562
282429543042
282430067922
282472583202
285916320882
22876792454961
22876792455042
22876792461522
22876792986402
22876835501682
22880279239362
23159221991442
1853020188851841
1853020188851922
1853020188858402
1853020189383282
1853020231898562
1853023675636242
1853302618388322
1875896981306802
150094635296999121
150094635296999202
150094635297005682
150094635297530562
150094635340045842
150094638783783522
150094917726535602
150117512089454082
151947655485850962
12157665459056928801
12157665459056928882
12157665459056935362
12157665459057460242
12157665459099975522
12157665462543713202
12157665741486465282
12157688335849383762
12159518479245780642
12307760094353927922
984770902183611232881
984770902183611232962
984770902183611239442
984770902183611764322
984770902183654279602
984770902187098017282
984770902466040769362
984770925060403687842
984772755203800084722
984920996818908232002
996928567642668161682
79766443076872509863361
79766443076872509863442
79766443076872509869922
79766443076872510394802
79766443076872552910082
79766443076875996647762
79766443077154939399842
79766443099749302318322
79766444929892698715202
79766593171507806862482
79778600742331566792162
80751213979056121096242
6461081889226673298932241
6461081889226673298932322
6461081889226673298938802
6461081889226673299463682
6461081889226673341978962
6461081889226676785716642
6461081889226955728468722
6461081889249550091387202
6461081891079693487784082
6461082039321308595931362
6461094046892132355861042
6462066660128856910165122
6540848332303545808795602
523347633027360537213511521
523347633027360537213511602
523347633027360537213518082
523347633027360537214042962
523347633027360537256558242
523347633027360540700295922
523347633027360819643048002
523347633027383414005966482
523347633029213557402363362
523347633177455172510510642
523347645185025996270440322
523348617798262720824744402
523427399470437409723374882
529808714916587210512443762
42391158275216203514294433201
42391158275216203514294433282
42391158275216203514294439762
42391158275216203514294964642
42391158275216203514337479922
42391158275216203517781217602
42391158275216203796723969682
42391158275216226391086888162
42391158275218056534483285042
42391158275366298149591432322
42391158287373868973351362002
42391159259987105697905666082
42391238041659280386804296562
42397619357105430187593365442
42914505908243564051507944722
3433683820292512484657849089281
3433683820292512484657849089362
3433683820292512484657849095842
3433683820292512484657849620722
3433683820292512484657892136002
3433683820292512484661335873682
3433683820292512484940278625762
3433683820292512507534641544242
3433683820292514337678037941122
3433683820292662579293146088402
3433683820304670150116906018082
3433683821277283386841460322162
3433683900058955561530358952642
3433690281374401711331148021522
3434207167925539845195062600802
3476074978567728688172143522482
278128389443693511257285776231761
278128389443693511257285776231842
278128389443693511257285776238322
278128389443693511257285776763202
278128389443693511257285819278482
278128389443693511257289263016162
278128389443693511257568205768242
278128389443693511280162568686722
278128389443693513110305965083602
278128389443693661351921073230882
278128389443705668922744833160562
278128389444678282159469387464642
278128389523459954334158286095122
278128395904775400483959075164002
278128912791326538617822989743282
278170780601968727460800070664962
281562073263986023741943625321042
22528399544939174411840147874772641
22528399544939174411840147874772722
22528399544939174411840147874779202
22528399544939174411840147875304082
22528399544939174411840147917819362
22528399544939174411840151361557042
22528399544939174411840430304309122
22528399544939174411863024667227602
22528399544939174413693168063624482
22528399544939174561934783171771762
22528399544939186569505606931701442
22528399544940159182742331486005522
22528399545018940854917020384636002
22528399551400256301066821173704882
22528400068286807439200685088284162
22528441936097449628043662169205842
22531833228759466924324805723861922
22806527934382867923097433651004402
1824800363140073127359051977856583921
1824800363140073127359051977856584002
1824800363140073127359051977856590482
1824800363140073127359051977857115362
1824800363140073127359051977899630642
1824800363140073127359051981343368322
1824800363140073127359052260286120402
1824800363140073127359074854649038882
1824800363140073127360904998045435762
1824800363140073127509146613153583042
1824800363140073139516717436913512722
1824800363140074112129954161467816802
1824800363140152893802128850366447282
1824800363146534209248278651155516162
1824800363663420760386412515070095442
1824800405531231402575255492151017122
1824803796823893419871536635705673202
1825078491529516820870309263632815682
1847328762685012301770892125731356562
147808829414345923316083210206383297601
147808829414345923316083210206383297682
147808829414345923316083210206383304162
147808829414345923316083210206383829042
147808829414345923316083210206426344322
147808829414345923316083210209870082002
147808829414345923316083210488812834082
147808829414345923316083233083175752562
147808829414345923316085063226572149442
147808829414345923316233304841680296722
147808829414345923328240875665440226402
147808829414345924300854112389994530482
147808829414346003082526287078893160962
147808829414352384397972436879682229842
147808829414869270949110570743596809122
147808829456737081591299413720677730802
147808832848029743608595694864232386882
147809107542735367009594467492159529362
147831357813890862490495050354258070242
149633629777485996443442262184239881522
