59049
3486784401
3486843450
205891132094649
205891132153698
205894618879050
12157665459056928801
12157665459056987850
12157665462543713202
12157871350189023450
717897987691852588770249
717897987691852588829298
717897987691856075554650
717897987897743720864898
717910145357311645699050
42391158275216203514294433201
42391158275216203514294492250
42391158275216203517781217602
42391158275216409405426527850
42391158287373868973351362002
42391876173203895366883203450
2503155504993241601315571986085849
2503155504993241601315571986144898
2503155504993241601315575472870250
2503155504993241601521463118180498
2503155504993253758981031043014650
2503155505711139589007424574856098
2503197896151516817519086280519050
147808829414345923316083210206383297601
147808829414345923316083210206383356650
147808829414345923316083210209870082002
147808829414345923316083416097515392250
147808829414345923328240875665440226402
147808829414346641214070902058972067850
147808829456737081591299413720677730802
147811332569850916557684525778369383450
