169
183
2197
2210
2211
2380
28561
28574
28575
28730
28744
30941
371293
371306
371307
371462
371476
373490
373673
402234
4826809
4826822
4826823
4826978
4826992
4829006
4829189
4855370
4857750
5229043
62748517
62748530
62748531
62748686
62748700
62750714
62750897
62777078
62779458
63119810
63150751
67977560
815730721
815730734
815730735
815730890
815730904
815732918
815733101
815759282
815761662
816102014
816132955
820557530
820959764
883708281
10604499373
10604499386
10604499387
10604499542
10604499556
10604501570
10604501753
10604527934
10604530314
10604870666
10604901607
10609326182
10609728416
10667247890
10672476933
11488207654
137858491849
137858491862
137858491863
137858492018
137858492032
137858494046
137858494229
137858520410
137858522790
137858863142
137858894083
137863318658
137863720892
137921240366
137926469409
138674222570
138742200130
149346699503
1792160394037
1792160394050
1792160394051
1792160394206
1792160394220
1792160396234
1792160396417
1792160422598
1792160424978
1792160765330
1792160796271
1792165220846
1792165623080
1792223142554
1792228371597
1792976124758
1793044102318
1802764893410
1803648601691
1941507093540
23298085122481
23298085122494
23298085122495
23298085122650
23298085122664
23298085124678
23298085124861
23298085151042
23298085153422
23298085493774
23298085524715
23298089949290
23298090351524
23298147870998
23298153100041
23298900853202
23298968830762
23308689621854
23309573330135
23435943614330
23447431821984
25239592216021
302875106592253
302875106592266
302875106592267
302875106592422
302875106592436
302875106594450
302875106594633
302875106620814
302875106623194
302875106963546
302875106994487
302875111419062
302875111821296
302875169340770
302875174569813
302875922322974
302875990300534
302885711091626
302886594799907
303012965084102
303024453291756
304667266986290
304816613685793
328114698808274
3937376385699289
3937376385699302
3937376385699303
3937376385699458
3937376385699472
3937376385701486
3937376385701669
3937376385727850
3937376385730230
3937376386070582
3937376386101523
3937376390526098
3937376390928332
3937376448447806
3937376453676849
3937377201430010
3937377269407570
3937386990198662
3937387873906943
3937514244191138
3937525732398792
3939168546093326
3939317892792829
3960674470821770
3962615977915310
4265491084507563
51185893014090757
51185893014090770
51185893014090771
51185893014090926
51185893014090940
51185893014092954
51185893014093137
51185893014119318
51185893014121698
51185893014462050
51185893014492991
51185893018917566
51185893019319800
51185893076839274
51185893082068317
51185893829821478
51185893897799038
51185903618590130
51185904502298411
51186030872582606
51186042360790260
51187685174484794
51187834521184297
51209191099213238
51211132606306778
51488768120683010
51514007712899031
55451384098598320
665416609183179841
665416609183179854
665416609183179855
665416609183180010
665416609183180024
665416609183182038
665416609183182221
665416609183208402
665416609183210782
665416609183551134
665416609183582075
665416609188006650
665416609188408884
665416609245928358
665416609251157401
665416609998910562
665416610066888122
665416619787679214
665416620671387495
665416747041671690
665416758529879344
665418401343573878
665418550690273381
665439907268302322
665441848775395862
665719484289772094
665744723881988115
669353985568879130
669682100267687404
720867993281778161
8650415919381337933
8650415919381337946
8650415919381337947
8650415919381338102
8650415919381338116
8650415919381340130
8650415919381340313
8650415919381366494
8650415919381368874
8650415919381709226
8650415919381740167
8650415919386164742
8650415919386566976
8650415919444086450
8650415919449315493
8650415920197068654
8650415920265046214
8650415929985837306
8650415930869545587
8650416057239829782
8650416068728037436
8650417711541731970
8650417860888431473
8650439217466460414
8650441158973553954
8650718794487930186
8650744034080146207
8654353295767037222
8654681410465845496
8701601812395428690
8705867303479936253
9371283912663116094
112455406951957393129
112455406951957393142
112455406951957393143
112455406951957393298
112455406951957393312
112455406951957395326
112455406951957395509
112455406951957421690
112455406951957424070
112455406951957764422
112455406951957795363
112455406951962219938
112455406951962622172
112455406952020141646
112455406952025370689
112455406952773123850
112455406952841101410
112455406962561892502
112455406963445600783
112455407089815884978
112455407101304092632
112455408744117787166
112455408893464486669
112455430250042515610
112455432191549609150
112455709827063985382
112455735066656201403
112459344328343092418
112459672443041900692
112506592844971483886
112510858336055991449
113120823561140572970
113176274945239171290
121826690864620509223
1461920290375446110677
1461920290375446110690
1461920290375446110691
1461920290375446110846
1461920290375446110860
1461920290375446112874
1461920290375446113057
1461920290375446139238
1461920290375446141618
1461920290375446481970
1461920290375446512911
1461920290375450937486
1461920290375451339720
1461920290375508859194
1461920290375514088237
1461920290376261841398
1461920290376329818958
1461920290386050610050
1461920290386934318331
1461920290513304602526
1461920290524792810180
1461920292167606504714
1461920292316953204217
1461920313673531233158
1461920315615038326698
1461920593250552702930
1461920618490144918951
1461924227751831809966
1461924555866530618240
1461971476268460201434
1461975741759544708997
1462585706984629290518
1462641158368727888838
1470570706294827448610
1471291574288109226771
1583746981240066619900
19004963774880799438801
19004963774880799438814
19004963774880799438815
19004963774880799438970
19004963774880799438984
19004963774880799440998
19004963774880799441181
19004963774880799467362
19004963774880799469742
19004963774880799810094
19004963774880799841035
19004963774880804265610
19004963774880804667844
19004963774880862187318
19004963774880867416361
19004963774881615169522
19004963774881683147082
19004963774891403938174
19004963774892287646455
19004963775018657930650
19004963775030146138304
19004963776672959832838
19004963776822306532341
19004963798178884561282
19004963800120391654822
19004964077755906031054
19004964102995498247075
19004967712257185138090
19004968040371883946364
19005014960773813529558
19005019226264898037121
19005629191489982618642
19005684642874081216962
19013614190800180776734
19014335058793462554895
19117419181832756831930
19126790465745419948024
20588710756120866058701
247064529073450392704413
247064529073450392704426
247064529073450392704427
247064529073450392704582
247064529073450392704596
247064529073450392706610
247064529073450392706793
247064529073450392732974
247064529073450392735354
247064529073450393075706
247064529073450393106647
247064529073450397531222
247064529073450397933456
247064529073450455452930
247064529073450460681973
247064529073451208435134
247064529073451276412694
247064529073460997203786
247064529073461880912067
247064529073588251196262
247064529073599739403916
247064529075242553098450
247064529075391899797953
247064529096748477826894
247064529098689984920434
247064529376325499296666
247064529401565091512687
247064533010826778403702
247064533338941477211976
247064580259343406795170
247064584524834491302733
247065194490059575884254
247065249941443674482574
247073179489369774042346
247073900357363055820507
247176984480402350097542
247186355764315013213636
248526449363825838815090
248648276054690459324313
267653239829571258763114
3211838877954855105157369
3211838877954855105157382
3211838877954855105157383
3211838877954855105157538
3211838877954855105157552
3211838877954855105159566
3211838877954855105159749
3211838877954855105185930
3211838877954855105188310
3211838877954855105528662
3211838877954855105559603
3211838877954855109984178
3211838877954855110386412
3211838877954855167905886
3211838877954855173134929
3211838877954855920888090
3211838877954855988865650
3211838877954865709656742
3211838877954866593365023
3211838877954992963649218
3211838877955004451856872
3211838877956647265551406
3211838877956796612250909
3211838877978153190279850
3211838877980094697373390
3211838878257730211749622
3211838878282969803965643
3211838881892231490856658
3211838882220346189664932
3211838929140748119248126
3211838933406239203755689
3211839543371464288337210
3211839598822848386935530
3211847528370774486495302
3211848249238767768273463
3211951333361807062550498
3211960704645719725666592
3213300798245230551268046
3213422624936095171777269
3230843841729735904596170
3232427588710975971216070
3479492117784426363920483
41753905413413116367045797
41753905413413116367045810
41753905413413116367045811
41753905413413116367045966
41753905413413116367045980
41753905413413116367047994
41753905413413116367048177
41753905413413116367074358
41753905413413116367076738
41753905413413116367417090
41753905413413116367448031
41753905413413116371872606
41753905413413116372274840
41753905413413116429794314
41753905413413116435023357
41753905413413117182776518
41753905413413117250754078
41753905413413126971545170
41753905413413127855253451
41753905413413254225537646
41753905413413265713745300
41753905413414908527439834
41753905413415057874139337
41753905413436414452168278
41753905413438355959261818
41753905413715991473638050
41753905413741231065854071
41753905417350492752745086
41753905417678607451553360
41753905464599009381136554
41753905468864500465644117
41753906078829725550225638
41753906134281109648823958
41753914063829035748383730
41753914784697029030161891
41754017868820068324438926
41754027240103980987555020
41755367333703491813156474
41755489160394356433665697
41772910377187997166484598
41774494124169237233104498
42000969942486566759750210
42021558653242687625808911
45233397531197542730966280
542800770374370512771595361
542800770374370512771595374
542800770374370512771595375
542800770374370512771595530
542800770374370512771595544
542800770374370512771597558
542800770374370512771597741
542800770374370512771623922
542800770374370512771626302
542800770374370512771966654
542800770374370512771997595
542800770374370512776422170
542800770374370512776824404
542800770374370512834343878
542800770374370512839572921
542800770374370513587326082
542800770374370513655303642
542800770374370523376094734
542800770374370524259803015
542800770374370650630087210
542800770374370662118294864
542800770374372304931989398
542800770374372454278688901
542800770374393810856717842
542800770374395752363811382
542800770374673387878187614
542800770374698627470403635
542800770378307889157294650
542800770378636003856102924
542800770425556405785686118
542800770429821896870193681
542800771039787121954775202
542800771095238506053373522
542800779024786432152933294
542800779745654425434711455
542800882829777464728988490
542800892201061377392104584
542802232294660888217706038
542802354121351752838215261
542819775338145393571034162
542821359085126633637654062
543047834903443963164299774
543068423614200084030358475
546012609252325367876752730
546280262492154939135515844
588034167905568055502561641
7056410014866816666030739693
7056410014866816666030739706
7056410014866816666030739707
7056410014866816666030739862
7056410014866816666030739876
7056410014866816666030741890
7056410014866816666030742073
7056410014866816666030768254
7056410014866816666030770634
7056410014866816666031110986
7056410014866816666031141927
7056410014866816666035566502
7056410014866816666035968736
7056410014866816666093488210
7056410014866816666098717253
7056410014866816666846470414
7056410014866816666914447974
7056410014866816676635239066
7056410014866816677518947347
7056410014866816803889231542
7056410014866816815377439196
7056410014866818458191133730
7056410014866818607537833233
7056410014866839964115862174
7056410014866841905622955714
7056410014867119541137331946
7056410014867144780729547967
7056410014870754042416438982
7056410014871082157115247256
7056410014918002559044830450
7056410014922268050129338013
7056410015532233275213919534
7056410015587684659312517854
7056410023517232585412077626
7056410024238100578693855787
7056410127322223617988132822
7056410136693507530651248916
7056411476787107041476850370
7056411598613797906097359593
7056429019830591546830178494
7056430603577572786896798394
7056657079395890116423444106
7056677668106646237289502807
7059621853744771521135897062
7059889506984601092394660176
7098163920280229782397785490
7101643412398014208761705973
7644444182772384721533301334
91733330193268616658399616009
91733330193268616658399616022
91733330193268616658399616023
91733330193268616658399616178
91733330193268616658399616192
91733330193268616658399618206
91733330193268616658399618389
91733330193268616658399644570
91733330193268616658399646950
91733330193268616658399987302
91733330193268616658400018243
91733330193268616658404442818
91733330193268616658404845052
91733330193268616658462364526
91733330193268616658467593569
91733330193268616659215346730
91733330193268616659283324290
91733330193268616669004115382
91733330193268616669887823663
91733330193268616796258107858
91733330193268616807746315512
91733330193268618450560010046
91733330193268618599906709549
91733330193268639956484738490
91733330193268641897991832030
91733330193268919533506208262
91733330193268944773098424283
91733330193272554034785315298
91733330193272882149484123572
91733330193319802551413706766
91733330193324068042498214329
91733330193934033267582795850
91733330193989484651681394170
91733330201919032577780953942
91733330202639900571062732103
91733330305724023610357009138
91733330315095307523020125232
91733331655188907033845726686
91733331777015597898466235909
91733349198232391539199054810
91733350781979372779265674710
91733577257797690108792320422
91733597846508446229658379123
91736542032146571513504773378
91736809685386401084763536492
91775084098682029774766661806
91778563590799814201130582289
92276130963642987171171211370
92321364361174184713902177650
99377774376041001379932917343
1192533292512492016559195008117
1192533292512492016559195008130
1192533292512492016559195008131
1192533292512492016559195008286
1192533292512492016559195008300
1192533292512492016559195010314
1192533292512492016559195010497
1192533292512492016559195036678
1192533292512492016559195039058
1192533292512492016559195379410
1192533292512492016559195410351
1192533292512492016559199834926
1192533292512492016559200237160
1192533292512492016559257756634
1192533292512492016559262985677
1192533292512492016560010738838
1192533292512492016560078716398
1192533292512492016569799507490
1192533292512492016570683215771
1192533292512492016697053499966
1192533292512492016708541707620
1192533292512492018351355402154
1192533292512492018500702101657
1192533292512492039857280130598
1192533292512492041798787224138
1192533292512492319434301600370
1192533292512492344673893816391
1192533292512495953935580707406
1192533292512496282050279515680
1192533292512543202452209098874
1192533292512547467943293606437
1192533292513157433168378187958
1192533292513212884552476786278
1192533292521142432478576346050
1192533292521863300471858124211
1192533292624947423511152401246
1192533292634318707423815517340
1192533293974412306934641118794
1192533294096238997799261628017
1192533311517455791439994446918
1192533313101202772680061066818
1192533539577021090009587712530
1192533560165731846130453771231
1192536504351369971414300165486
1192536772004609800985558928600
1192575046417905429675562053914
1192578525910023214101925974397
1193076093282866387071966603478
1193121326680397584614697569758
1199589702527358833225225747810
1200177736695264401280728309451
1291911066888533017939127925460
15502932802662396215269535105521
15502932802662396215269535105534
15502932802662396215269535105535
15502932802662396215269535105690
15502932802662396215269535105704
15502932802662396215269535107718
15502932802662396215269535107901
15502932802662396215269535134082
15502932802662396215269535136462
15502932802662396215269535476814
15502932802662396215269535507755
15502932802662396215269539932330
15502932802662396215269540334564
15502932802662396215269597854038
15502932802662396215269603083081
15502932802662396215270350836242
15502932802662396215270418813802
15502932802662396215280139604894
15502932802662396215281023313175
15502932802662396215407393597370
15502932802662396215418881805024
15502932802662396217061695499558
15502932802662396217211042199061
15502932802662396238567620228002
15502932802662396240509127321542
15502932802662396518144641697774
15502932802662396543384233913795
15502932802662400152645920804810
15502932802662400480760619613084
15502932802662447401162549196278
15502932802662451666653633703841
15502932802663061631878718285362
15502932802663117083262816883682
15502932802671046631188916443454
15502932802671767499182198221615
15502932802774851622221492498650
15502932802784222906134155614744
15502932804124316505644981216198
15502932804246143196509601725421
15502932821667359990150334544322
15502932823251106971390401164222
15502933049726925288719927809934
15502933070315636044840793868635
15502936014501274170124640262890
15502936282154513999695899026004
15502974556567809628385902151318
15502978036059927412812266071801
15503475603432770585782306700882
15503520836830301783325037667162
15509989212677263031935565845214
15510577246845168599991068406855
15594666132855664831927934721530
15602310577038437216649468022864
16794843869550929233208663030981
201538126434611150798503956371773
201538126434611150798503956371786
201538126434611150798503956371787
201538126434611150798503956371942
201538126434611150798503956371956
201538126434611150798503956373970
201538126434611150798503956374153
201538126434611150798503956400334
201538126434611150798503956402714
201538126434611150798503956743066
201538126434611150798503956774007
201538126434611150798503961198582
201538126434611150798503961600816
201538126434611150798504019120290
201538126434611150798504024349333
201538126434611150798504772102494
201538126434611150798504840080054
201538126434611150798514560871146
201538126434611150798515444579427
201538126434611150798641814863622
201538126434611150798653303071276
201538126434611150800296116765810
201538126434611150800445463465313
201538126434611150821802041494254
201538126434611150823743548587794
201538126434611151101379062964026
201538126434611151126618655180047
201538126434611154735880342071062
201538126434611155063995040879336
201538126434611201984396970462530
201538126434611206249888054970093
201538126434611816215113139551614
201538126434611871666497238149934
201538126434619801214423337709706
201538126434620522082416619487867
201538126434723606205455913764902
201538126434732977489368576880996
201538126436073071088879402482450
201538126436194897779744022991673
201538126453616114573384755810574
201538126455199861554624822430474
201538126681675679871954349076186
201538126702264390628075215134887
201538129646450028753359061529142
201538129914103268582930320292256
201538168188516564211620323417570
201538171668008681996046687338053
201538669235381525169016727967134
201538714468779056366559458933414
201545182844626017615169987111466
201545770878793923183225489673107
201629859764804419415162355987782
201637504208987191799883889289116
202730659727123642815063151379890
202830037501499683816443084297233
218332970304162080031712619402754
2619995643649944960380551432833049
2619995643649944960380551432833062
2619995643649944960380551432833063
2619995643649944960380551432833218
2619995643649944960380551432833232
2619995643649944960380551432835246
2619995643649944960380551432835429
2619995643649944960380551432861610
2619995643649944960380551432863990
2619995643649944960380551433204342
2619995643649944960380551433235283
2619995643649944960380551437659858
2619995643649944960380551438062092
2619995643649944960380551495581566
2619995643649944960380551500810609
2619995643649944960380552248563770
2619995643649944960380552316541330
2619995643649944960380562037332422
2619995643649944960380562921040703
2619995643649944960380689291324898
2619995643649944960380700779532552
2619995643649944960382343593227086
2619995643649944960382492939926589
2619995643649944960403849517955530
2619995643649944960405791025049070
2619995643649944960683426539425302
2619995643649944960708666131641323
2619995643649944964317927818532338
2619995643649944964646042517340612
2619995643649945011566444446923806
2619995643649945015831935531431369
2619995643649945625797160616012890
2619995643649945681248544714611210
2619995643649953610796470814170982
2619995643649954331664464095949143
2619995643650057415787503390226178
2619995643650066787071416053342272
2619995643651406880670926878943726
2619995643651528707361791499452949
2619995643668949924155432232271850
2619995643670533671136672298891750
2619995643897009489454001825537462
2619995643917598200210122691596163
2619995646861783838335406537990418
2619995647129437078164977796753532
2619995685403850373793667799878846
2619995688883342491578094163799329
2619996186450715334751064204428410
2619996231684112865948606935394690
2620002700059959827197217463572742
2620003288094127732765272966134383
2620087376980138228997209832449058
2620095021424321001381931365750392
2621188176942457452397110627841166
2621287554716833493398490560758509
2635498576452607356595820967938570
2636790487519495889613760095864030
2838328613954107040412264052235803
34059943367449284484947168626829637
34059943367449284484947168626829650
34059943367449284484947168626829651
34059943367449284484947168626829806
34059943367449284484947168626829820
34059943367449284484947168626831834
34059943367449284484947168626832017
34059943367449284484947168626858198
34059943367449284484947168626860578
34059943367449284484947168627200930
34059943367449284484947168627231871
34059943367449284484947168631656446
34059943367449284484947168632058680
34059943367449284484947168689578154
34059943367449284484947168694807197
34059943367449284484947169442560358
34059943367449284484947169510537918
34059943367449284484947179231329010
34059943367449284484947180115037291
34059943367449284484947306485321486
34059943367449284484947317973529140
34059943367449284484948960787223674
34059943367449284484949110133923177
34059943367449284484970466711952118
34059943367449284484972408219045658
34059943367449284485250043733421890
34059943367449284485275283325637911
34059943367449284488884545012528926
34059943367449284489212659711337200
34059943367449284536133061640920394
34059943367449284540398552725427957
34059943367449285150363777810009478
34059943367449285205815161908607798
34059943367449293135363088008167570
34059943367449293856231081289945731
34059943367449396940354120584222766
34059943367449406311638033247338860
34059943367450746405237544072940314
34059943367450868231928408693449537
34059943367468289448722049426268438
34059943367469873195703289492888338
34059943367696349014020619019534050
34059943367716937724776739885592751
34059943370661123362902023731987006
34059943370928776602731594990750120
34059943409203189898360284993875434
34059943412682682016144711357795917
34059943910250054859317681398424998
34059943955483452390515224129391278
34059950423859299351763834657569330
34059951011893467257331890160130971
34060035100779477753563827026445646
34060042745223660525948548559746980
34061135900741796976963727821837754
34061235278516173017965107754755097
34075446300251946881162438161935158
34076738211318835414180377289860618
34261481493883895635745672583201410
34278276337753446564978881246232391
36898271981403391525359432679065440
442779263776840698304313192148785281
442779263776840698304313192148785294
442779263776840698304313192148785295
442779263776840698304313192148785450
442779263776840698304313192148785464
442779263776840698304313192148787478
442779263776840698304313192148787661
442779263776840698304313192148813842
442779263776840698304313192148816222
442779263776840698304313192149156574
442779263776840698304313192149187515
442779263776840698304313192153612090
442779263776840698304313192154014324
442779263776840698304313192211533798
442779263776840698304313192216762841
442779263776840698304313192964516002
442779263776840698304313193032493562
442779263776840698304313202753284654
442779263776840698304313203636992935
442779263776840698304313330007277130
442779263776840698304313341495484784
442779263776840698304314984309179318
442779263776840698304315133655878821
442779263776840698304336490233907762
442779263776840698304338431741001302
442779263776840698304616067255377534
442779263776840698304641306847593555
442779263776840698308250568534484570
442779263776840698308578683233292844
442779263776840698355499085162876038
442779263776840698359764576247383601
442779263776840698969729801331965122
442779263776840699025181185430563442
442779263776840706954729111530123214
442779263776840707675597104811901375
442779263776840810759720144106178410
442779263776840820131004056769294504
442779263776842160224603567594895958
442779263776842282051294432215405181
442779263776859703268088072948224082
442779263776861287015069313014843982
442779263777087762833386642541489694
442779263777108351544142763407548395
442779263780052537182268047253942650
442779263780320190422097618512705764
442779263818594603717726308515831078
442779263822074095835510734879751561
442779264319641468678683704920380642
442779264364874866209881247651346922
442779270833250713171129858179524974
442779271421284881076697913682086615
442779355510170891572929850548401290
442779363154615074345314572081702624
442780456310133210796329751343793398
442780555687907586837331131276710741
442794766709643360700528461683890802
442796058620710249233546400811816262
442980801903275309455111696105157054
442997596747144860384344904768188035
445399259420490643264693743581618330
445617592390794805344725456201021084
479677535758244089829672624827850721
5756130429098929077956071497934208653
5756130429098929077956071497934208666
5756130429098929077956071497934208667
5756130429098929077956071497934208822
5756130429098929077956071497934208836
5756130429098929077956071497934210850
5756130429098929077956071497934211033
5756130429098929077956071497934237214
5756130429098929077956071497934239594
5756130429098929077956071497934579946
5756130429098929077956071497934610887
5756130429098929077956071497939035462
5756130429098929077956071497939437696
5756130429098929077956071497996957170
5756130429098929077956071498002186213
5756130429098929077956071498749939374
5756130429098929077956071498817916934
5756130429098929077956071508538708026
5756130429098929077956071509422416307
5756130429098929077956071635792700502
5756130429098929077956071647280908156
5756130429098929077956073290094602690
5756130429098929077956073439441302193
5756130429098929077956094796019331134
5756130429098929077956096737526424674
5756130429098929077956374373040800906
5756130429098929077956399612633016927
5756130429098929077960008874319907942
5756130429098929077960336989018716216
5756130429098929078007257390948299410
5756130429098929078011522882032806973
5756130429098929078621488107117388494
5756130429098929078676939491215986814
5756130429098929086606487417315546586
5756130429098929087327355410597324747
5756130429098929190411478449891601782
5756130429098929199782762362554717876
5756130429098930539876361873380319330
5756130429098930661703052738000828553
5756130429098948082919846378733647454
5756130429098949666666827618800267354
5756130429099176142485144948326913066
5756130429099196731195901069192971767
5756130429102140916834026353039366022
5756130429102408570073855924298129136
5756130429140682983369484614301254450
5756130429144162475487269040665174933
5756130429641729848330442010705804014
5756130429686963245861639553436770294
5756130436155339092822888163964948346
5756130436743373260728456219467509987
5756130520832259271224688156333824662
5756130528476703453997072877867125996
5756131621632221590448088057129216770
5756131721009995966489089437062134113
5756145932031731740352286767469314174
5756147223942798628885304706597239634
5756331967225363689106870001890580426
5756348762069233240036103210553611407
5758750424742579022916452049367041702
5758968757712883184996483761986444456
5790190372466378362441018666561038290
5793028701080332469481430930613274093
6235807964857173167785744122762059374
74829695578286078013428929473144712489
74829695578286078013428929473144712502
74829695578286078013428929473144712503
74829695578286078013428929473144712658
74829695578286078013428929473144712672
74829695578286078013428929473144714686
74829695578286078013428929473144714869
74829695578286078013428929473144741050
74829695578286078013428929473144743430
74829695578286078013428929473145083782
74829695578286078013428929473145114723
74829695578286078013428929473149539298
74829695578286078013428929473149941532
74829695578286078013428929473207461006
74829695578286078013428929473212690049
74829695578286078013428929473960443210
74829695578286078013428929474028420770
74829695578286078013428929483749211862
74829695578286078013428929484632920143
74829695578286078013428929611003204338
74829695578286078013428929622491411992
74829695578286078013428931265305106526
74829695578286078013428931414651806029
74829695578286078013428952771229834970
74829695578286078013428954712736928510
74829695578286078013429232348251304742
74829695578286078013429257587843520763
74829695578286078013432866849530411778
74829695578286078013433194964229220052
74829695578286078013480115366158803246
74829695578286078013484380857243310809
74829695578286078014094346082327892330
74829695578286078014149797466426490650
74829695578286078022079345392526050422
74829695578286078022800213385807828583
74829695578286078125884336425102105618
74829695578286078135255620337765221712
74829695578286079475349219848590823166
74829695578286079597175910713211332389
74829695578286097018392704353944151290
74829695578286098602139685594010771190
74829695578286325077958002923537416902
74829695578286345666668759044403475603
74829695578289289852306884328249869858
74829695578289557505546713899508632972
74829695578327831918842342589511758286
74829695578331311410960127015875678769
74829695578828878783803299985916307850
74829695578874112181334497528647274130
74829695585342488028295746139175452182
74829695585930522196201314194678013823
74829695670019408206697546131544328498
74829695677663852389469930853077629832
74829696770819370525920946032339720606
74829696870197144901961947412272637949
74829711081218880675825144742679818010
74829712373129947564358162681807743470
74829897116412512624579727977101084262
74829913911256382175508961185764115243
74832315573929727958389310024577545538
74832533906900032120469341737196948292
74863755521653527297913876641771542126
74866593850267481404954288905823777929
75272474842062918711733242665293497770
75309373114044322103258602097972563210
81065503543143251181214673595906771863
