169
170
28561
28730
4826809
4826978
4855370
815730721
815730890
815759282
820557530
137858491849
137858492018
137858520410
137863318658
138674222570
23298085122481
23298085122650
23298085151042
23298089949290
23298900853202
23435943614330
3937376385699289
3937376385699458
3937376385727850
3937376390526098
3937377201430010
3937514244191138
3960674470821770
665416609183179841
665416609183180010
665416609183208402
665416609188006650
665416609998910562
665416747041671690
665439907268302322
669353985568879130
112455406951957393129
112455406951957393298
112455406951957421690
112455406951962219938
112455406952773123850
112455407089815884978
112455430250042515610
112459344328343092418
113120823561140572970
19004963774880799438801
19004963774880799438970
19004963774880799467362
19004963774880804265610
19004963774881615169522
19004963775018657930650
19004963798178884561282
19004967712257185138090
19005629191489982618642
19117419181832756831930
3211838877954855105157369
3211838877954855105157538
3211838877954855105185930
3211838877954855109984178
3211838877954855920888090
3211838877954992963649218
3211838877978153190279850
3211838881892231490856658
3211839543371464288337210
3211951333361807062550498
3230843841729735904596170
542800770374370512771595361
542800770374370512771595530
542800770374370512771623922
542800770374370512776422170
542800770374370513587326082
542800770374370650630087210
542800770374393810856717842
542800770378307889157294650
542800771039787121954775202
542800882829777464728988490
542819775338145393571034162
546012609252325367876752730
91733330193268616658399616009
91733330193268616658399616178
91733330193268616658399644570
91733330193268616658404442818
91733330193268616659215346730
91733330193268616796258107858
91733330193268639956484738490
91733330193272554034785315298
91733330193934033267582795850
91733330305724023610357009138
91733349198232391539199054810
91736542032146571513504773378
92276130963642987171171211370
15502932802662396215269535105521
15502932802662396215269535105690
15502932802662396215269535134082
15502932802662396215269539932330
15502932802662396215270350836242
15502932802662396215407393597370
15502932802662396238567620228002
15502932802662400152645920804810
15502932802663061631878718285362
15502932802774851622221492498650
15502932821667359990150334544322
15502936014501274170124640262890
15503475603432770585782306700882
15594666132855664831927934721530
2619995643649944960380551432833049
2619995643649944960380551432833218
2619995643649944960380551432861610
2619995643649944960380551437659858
2619995643649944960380552248563770
2619995643649944960380689291324898
2619995643649944960403849517955530
2619995643649944964317927818532338
2619995643649945625797160616012890
2619995643650057415787503390226178
2619995643668949924155432232271850
2619995646861783838335406537990418
2619996186450715334751064204428410
2620087376980138228997209832449058
2635498576452607356595820967938570
442779263776840698304313192148785281
442779263776840698304313192148785450
442779263776840698304313192148813842
442779263776840698304313192153612090
442779263776840698304313192964516002
442779263776840698304313330007277130
442779263776840698304336490233907762
442779263776840698308250568534484570
442779263776840698969729801331965122
442779263776840810759720144106178410
442779263776859703268088072948224082
442779263780052537182268047253942650
442779264319641468678683704920380642
442779355510170891572929850548401290
442794766709643360700528461683890802
445399259420490643264693743581618330
74829695578286078013428929473144712489
74829695578286078013428929473144712658
74829695578286078013428929473144741050
74829695578286078013428929473149539298
74829695578286078013428929473960443210
74829695578286078013428929611003204338
74829695578286078013428952771229834970
74829695578286078013432866849530411778
74829695578286078014094346082327892330
74829695578286078125884336425102105618
74829695578286097018392704353944151290
74829695578289289852306884328249869858
74829695578828878783803299985916307850
74829695670019408206697546131544328498
74829711081218880675825144742679818010
74832315573929727958389310024577545538
75272474842062918711733242665293497770
