32768
1073741824
1073774592
35184372088832
35184372121600
35185445830656
1152921504606846976
1152921504606879744
1152921505680588800
1152956688978935808
37778931862957161709568
37778931862957161742336
37778931862958235451392
37778931898141533798400
37780084784461768556544
1237940039285380274899124224
1237940039285380274899156992
1237940039285380275972866048
1237940039285415459271213056
1237940040438301779505971200
1237977818217243232060833792
40564819207303340847894502572032
40564819207303340847894502604800
40564819207303340847895576313856
40564819207303340883078874660864
40564819207304493769399109419008
40564819245082272710851664281600
40566057147342626228169401696256
1329227995784915872903807060280344576
1329227995784915872903807060280377344
1329227995784915872903807061354086400
1329227995784915872903842244652433408
1329227995784915874056728564887191552
1329227995784953651835670017442054144
1329227997022855912189187335179468800
1329268560604123176244654954782916608
