4096
16777216
16781312
68719476736
68719480832
68736253952
281474976710656
281474976714752
281474993487872
281543696187392
1152921504606846976
1152921504606851072
1152921504623624192
1152921573326323712
1153202979583557632
4722366482869645213696
4722366482869645217792
4722366482869661990912
4722366482938364690432
4722366764344621924352
4723519404374252060672
19342813113834066795298816
19342813113834066795302912
19342813113834066812076032
19342813113834135514775552
19342813114115541772009472
19342814266755571402145792
19347535480316936440512512
79228162514264337593543950336
79228162514264337593543954432
79228162514264337593560727552
79228162514264337662263427072
79228162514264619068520660992
79228162515417259098150797312
79228167236630820463189164032
79247505327378171660339249152
324518553658426726783156020576256
324518553658426726783156020580352
324518553658426726783156037353472
324518553658426726783224740052992
324518553658426727064630997286912
324518553658427879704660627423232
324518553663149093266025665789952
324518573001239840617222815875072
324597781820940991120749564526592
1329227995784915872903807060280344576
1329227995784915872903807060280348672
1329227995784915872903807060297121792
1329227995784915872903807128999821312
1329227995784915872904088535257055232
1329227995784915874056728564887191552
1329227995784920595270289929925558272
1329227995804258686017641127075643392
1329228075013078387168144653824294912
1329552514338574299630590216300920832
