2097152
4398046511104
4398048608256
9223372036854775808
9223372036856872960
9223376434901286912
19342813113834066795298816
19342813113834066797395968
19342813113838464841809920
19342822337206103650074624
40564819207303340847894502572032
40564819207303340847894504669184
40564819207303340852292549083136
40564819207312564219931357347840
40564838550116454681961297870848
85070591730234615865843651857942052864
85070591730234615865843651857944150016
85070591730234615865843656255988563968
85070591730234615875067023894796828672
85070591730253958678957485924737351680
85070632295053823169184499752444624896
