64
73
512
520
521
585
4096
4104
4105
4160
4169
4681
32768
32776
32777
32832
32841
33280
33353
37449
262144
262152
262153
262208
262217
262656
262729
266240
266825
299593
2097152
2097160
2097161
2097216
2097225
2097664
2097737
2101248
2101833
2129920
2134601
2396745
16777216
16777224
16777225
16777280
16777289
16777728
16777801
16781312
16781897
16809984
16814665
17039360
17076809
19173961
134217728
134217736
134217737
134217792
134217801
134218240
134218313
134221824
134222409
134250496
134255177
134479872
134517321
136314880
136614473
153391689
1073741824
1073741832
1073741833
1073741888
1073741897
1073742336
1073742409
1073745920
1073746505
1073774592
1073779273
1074003968
1074041417
1075838976
1076138569
1090519040
1092915785
1227133513
8589934592
8589934600
8589934601
8589934656
8589934665
8589935104
8589935177
8589938688
8589939273
8589967360
8589972041
8590196736
8590234185
8592031744
8592331337
8606711808
8609108553
8724152320
8743326281
9817068105
68719476736
68719476744
68719476745
68719476800
68719476809
68719477248
68719477321
68719480832
68719481417
68719509504
68719514185
68719738880
68719776329
68721573888
68721873481
68736253952
68738650697
68853694464
68872868425
69793218560
69946610249
78536544841
549755813888
549755813896
549755813897
549755813952
549755813961
549755814400
549755814473
549755817984
549755818569
549755846656
549755851337
549756076032
549756113481
549757911040
549758210633
549772591104
549774987849
549890031616
549909205577
550829555712
550982947401
558345748480
559572881993
628292358729
4398046511104
4398046511112
4398046511113
4398046511168
4398046511177
4398046511616
4398046511689
4398046515200
4398046515785
4398046543872
4398046548553
4398046773248
4398046810697
4398048608256
4398048907849
4398063288320
4398065685065
4398180728832
4398199902793
4399120252928
4399273644617
4406636445696
4407863579209
4466765987840
4476583055945
5026338869833
35184372088832
35184372088840
35184372088841
35184372088896
35184372088905
35184372089344
35184372089417
35184372092928
35184372093513
35184372121600
35184372126281
35184372350976
35184372388425
35184374185984
35184374485577
35184388866048
35184391262793
35184506306560
35184525480521
35185445830656
35185599222345
35192962023424
35194189156937
35253091565568
35262908633673
35734127902720
35812664447561
40210710958665
281474976710656
281474976710664
281474976710665
281474976710720
281474976710729
281474976711168
281474976711241
281474976714752
281474976715337
281474976743424
281474976748105
281474976972800
281474977010249
281474978807808
281474979107401
281474993487872
281474995884617
281475110928384
281475130102345
281476050452480
281476203844169
281483566645248
281484793778761
281543696187392
281553513255497
282024732524544
282103269069385
285873023221760
286501315580489
321685687669321
2251799813685248
2251799813685256
2251799813685257
2251799813685312
2251799813685321
2251799813685760
2251799813685833
2251799813689344
2251799813689929
2251799813718016
2251799813722697
2251799813947392
2251799813984841
2251799815782400
2251799816081993
2251799830462464
2251799832859209
2251799947902976
2251799967076937
2251800887427072
2251801040818761
2251808403619840
2251809630753353
2251868533161984
2251878350230089
2252349569499136
2252428106043977
2256197860196352
2256826152555081
2286984185774080
2292010524643913
2573485501354569
18014398509481984
18014398509481992
18014398509481993
18014398509482048
18014398509482057
18014398509482496
18014398509482569
18014398509486080
18014398509486665
18014398509514752
18014398509519433
18014398509744128
18014398509781577
18014398511579136
18014398511878729
18014398526259200
18014398528655945
18014398643699712
18014398662873673
18014399583223808
18014399736615497
18014407099416576
18014408326550089
18014467228958720
18014477046026825
18014948265295872
18015026801840713
18018796555993088
18019424848351817
18049582881570816
18054609220440649
18295873486192640
18336084197151305
20587884010836553
144115188075855872
144115188075855880
144115188075855881
144115188075855936
144115188075855945
144115188075856384
144115188075856457
144115188075859968
144115188075860553
144115188075888640
144115188075893321
144115188076118016
144115188076155465
144115188077953024
144115188078252617
144115188092633088
144115188095029833
144115188210073600
144115188229247561
144115189149597696
144115189302989385
144115196665790464
144115197892923977
144115256795332608
144115266612400713
144115737831669760
144115816368214601
144119586122366976
144120214414725705
144150372447944704
144155398786814537
144396663052566528
144436873763525193
146366987889541120
146688673577210441
164703072086692425
1152921504606846976
1152921504606846984
1152921504606846985
1152921504606847040
1152921504606847049
1152921504606847488
1152921504606847561
1152921504606851072
1152921504606851657
1152921504606879744
1152921504606884425
1152921504607109120
1152921504607146569
1152921504608944128
1152921504609243721
1152921504623624192
1152921504626020937
1152921504741064704
1152921504760238665
1152921505680588800
1152921505833980489
1152921513196781568
1152921514423915081
1152921573326323712
1152921583143391817
1152922054362660864
1152922132899205705
1152925902653358080
1152926530945716809
1152956688978935808
1152961715317805641
1153202979583557632
1153243190294516297
1155173304420532224
1155494990108201545
1170935903116328960
1173509388617683529
1317624576693539401
9223372036854775808
9223372036854775816
9223372036854775817
9223372036854775872
9223372036854775881
9223372036854776320
9223372036854776393
9223372036854779904
9223372036854780489
9223372036854808576
9223372036854813257
9223372036855037952
9223372036855075401
9223372036856872960
9223372036857172553
9223372036871553024
9223372036873949769
9223372036988993536
9223372037008167497
9223372037928517632
9223372038081909321
9223372045444710400
9223372046671843913
9223372105574252544
9223372115391320649
9223372586610589696
9223372665147134537
9223376434901286912
9223377063193645641
9223407221226864640
9223412247565734473
9223653511831486464
9223693722542445129
9225623836668461056
9225945522356130377
9241386435364257792
9243959920865612361
9367487224930631680
9388075108941468233
10540996613548315209
73786976294838206464
73786976294838206472
73786976294838206473
73786976294838206528
73786976294838206537
73786976294838206976
73786976294838207049
73786976294838210560
73786976294838211145
73786976294838239232
73786976294838243913
73786976294838468608
73786976294838506057
73786976294840303616
73786976294840603209
73786976294854983680
73786976294857380425
73786976294972424192
73786976294991598153
73786976295911948288
73786976296065339977
73786976303428141056
73786976304655274569
73786976363557683200
73786976373374751305
73786976844594020352
73786976923130565193
73786980692884717568
73786981321177076297
73787011479210295296
73787016505549165129
73787257769814917120
73787297980525875785
73789228094651891712
73789549780339561033
73804990693347688448
73807564178849043017
73931091482914062336
73951679366924898889
74939897799445053440
75104600871531745865
84327972908386521673
590295810358705651712
590295810358705651720
590295810358705651721
590295810358705651776
590295810358705651785
590295810358705652224
590295810358705652297
590295810358705655808
590295810358705656393
590295810358705684480
590295810358705689161
590295810358705913856
590295810358705951305
590295810358707748864
590295810358708048457
590295810358722428928
590295810358724825673
590295810358839869440
590295810358859043401
590295810359779393536
590295810359932785225
590295810367295586304
590295810368522719817
590295810427425128448
590295810437242196553
590295810908461465600
590295810986998010441
590295814756752162816
590295815385044521545
590295845543077740544
590295850569416610377
590296091833682362368
590296132044393321033
590298062158519336960
590298383844207006281
590313824757215133696
590316398242716488265
590439925546781507584
590460513430792344137
591448731863312498688
591613434935399191113
599519182395560427520
600836806972253966921
674623783267092173385
4722366482869645213696
4722366482869645213704
4722366482869645213705
4722366482869645213760
4722366482869645213769
4722366482869645214208
4722366482869645214281
4722366482869645217792
4722366482869645218377
4722366482869645246464
4722366482869645251145
4722366482869645475840
4722366482869645513289
4722366482869647310848
4722366482869647610441
4722366482869661990912
4722366482869664387657
4722366482869779431424
4722366482869798605385
4722366482870718955520
4722366482870872347209
4722366482878235148288
4722366482879462281801
4722366482938364690432
4722366482948181758537
4722366483419401027584
4722366483497937572425
4722366487267691724800
4722366487895984083529
4722366518054017302528
4722366523080356172361
4722366764344621924352
4722366804555332883017
4722368734669458898944
4722369056355146568265
4722384497268154695680
4722387070753656050249
4722510598057721069568
4722531185941731906121
4723519404374252060672
4723684107446338753097
4731589854906499989504
4732907479483193528905
4796153459164483420160
4806694455778031735369
5396990266136737387081
37778931862957161709568
37778931862957161709576
37778931862957161709577
37778931862957161709632
37778931862957161709641
37778931862957161710080
37778931862957161710153
37778931862957161713664
37778931862957161714249
37778931862957161742336
37778931862957161747017
37778931862957161971712
37778931862957162009161
37778931862957163806720
37778931862957164106313
37778931862957178486784
37778931862957180883529
37778931862957295927296
37778931862957315101257
37778931862958235451392
37778931862958388843081
37778931862965751644160
37778931862966978777673
37778931863025881186304
37778931863035698254409
37778931863506917523456
37778931863585454068297
37778931867355208220672
37778931867983500579401
37778931898141533798400
37778931903167872668233
37778932144432138420224
37778932184642849378889
37778934114756975394816
37778934436442663064137
37778949877355671191552
37778952450841172546121
37779075978145237565440
37779096566029248401993
37780084784461768556544
37780249487533855248969
37788155234994016485376
37789472859570710024777
37852718839251999916032
37863259835865548231241
38369227673315867361280
38453555646224253882953
43175922129093899096649
302231454903657293676544
302231454903657293676552
302231454903657293676553
302231454903657293676608
302231454903657293676617
302231454903657293677056
302231454903657293677129
302231454903657293680640
302231454903657293681225
302231454903657293709312
302231454903657293713993
302231454903657293938688
302231454903657293976137
302231454903657295773696
302231454903657296073289
302231454903657310453760
302231454903657312850505
302231454903657427894272
302231454903657447068233
302231454903658367418368
302231454903658520810057
302231454903665883611136
302231454903667110744649
302231454903726013153280
302231454903735830221385
302231454904207049490432
302231454904285586035273
302231454908055340187648
302231454908683632546377
302231454938841665765376
302231454943868004635209
302231455185132270387200
302231455225342981345865
302231457155457107361792
302231457477142795031113
302231472918055803158528
302231475491541304513097
302231599018845369532416
302231619606729380368969
302232607825161900523520
302232772528233987215945
302240678275694148452352
302241995900270841991753
302305241879952131883008
302315782876565680198217
302821750714015999328256
302906078686924385849929
306953821386526938890240
307628445169794031063625
345407377032751192773193
2417851639229258349412352
2417851639229258349412360
2417851639229258349412361
2417851639229258349412416
2417851639229258349412425
2417851639229258349412864
2417851639229258349412937
2417851639229258349416448
2417851639229258349417033
2417851639229258349445120
2417851639229258349449801
2417851639229258349674496
2417851639229258349711945
2417851639229258351509504
2417851639229258351809097
2417851639229258366189568
2417851639229258368586313
2417851639229258483630080
2417851639229258502804041
2417851639229259423154176
2417851639229259576545865
2417851639229266939346944
2417851639229268166480457
2417851639229327068889088
2417851639229336885957193
2417851639229808105226240
2417851639229886641771081
2417851639233656395923456
2417851639234284688282185
2417851639264442721501184
2417851639269469060371017
2417851639510733326123008
2417851639550944037081673
2417851641481058163097600
2417851641802743850766921
2417851657243656858894336
2417851659817142360248905
2417851783344446425268224
2417851803932330436104777
2417852792150762956259328
2417852956853835042951753
2417860862601295204188160
2417862180225871897727561
2417925426205553187618816
2417935967202166735934025
2418441935039617055064064
2418526263012525441585737
2422574005712127994626048
2423248629495395086799433
2455630571092215511121920
2461027561358352248509001
2763259016262009542185545
19342813113834066795298816
19342813113834066795298824
19342813113834066795298825
19342813113834066795298880
19342813113834066795298889
19342813113834066795299328
19342813113834066795299401
19342813113834066795302912
19342813113834066795303497
19342813113834066795331584
19342813113834066795336265
19342813113834066795560960
19342813113834066795598409
19342813113834066797395968
19342813113834066797695561
19342813113834066812076032
19342813113834066814472777
19342813113834066929516544
19342813113834066948690505
19342813113834067869040640
19342813113834068022432329
19342813113834075385233408
19342813113834076612366921
19342813113834135514775552
19342813113834145331843657
19342813113834616551112704
19342813113834695087657545
19342813113838464841809920
19342813113839093134168649
19342813113869251167387648
19342813113874277506257481
19342813114115541772009472
19342813114155752482968137
19342813116085866608984064
19342813116407552296653385
19342813131848465304780800
19342813134421950806135369
19342813257949254871154688
19342813278537138881991241
19342814266755571402145792
19342814431458643488838217
19342822337206103650074624
19342823654830680343614025
19342886900810361633505280
19342897441806975181820489
19343403409644425500950528
19343487737617333887472201
19347535480316936440512512
19348210104100203532685897
19380592045697023957008384
19385989035963160694395465
19645044568737724088975360
19688220490866817988072009
22106072130096076337484361
154742504910672534362390528
154742504910672534362390536
154742504910672534362390537
154742504910672534362390592
154742504910672534362390601
154742504910672534362391040
154742504910672534362391113
154742504910672534362394624
154742504910672534362395209
154742504910672534362423296
154742504910672534362427977
154742504910672534362652672
154742504910672534362690121
154742504910672534364487680
154742504910672534364787273
154742504910672534379167744
154742504910672534381564489
154742504910672534496608256
154742504910672534515782217
154742504910672535436132352
154742504910672535589524041
154742504910672542952325120
154742504910672544179458633
154742504910672603081867264
154742504910672612898935369
154742504910673084118204416
154742504910673162654749257
154742504910676932408901632
154742504910677560701260361
154742504910707718734479360
154742504910712745073349193
154742504910954009339101184
154742504910994220050059849
154742504912924334176075776
154742504913246019863745097
154742504928686932871872512
154742504931260418373227081
154742505054787722438246400
154742505075375606449082953
154742506063594038969237504
154742506228297111055929929
154742514134044571217166336
154742515451669147910705737
154742578697648829200596992
154742589238645442748912201
154743095206482893068042240
154743179534455801454563913
154747227277155404007604224
154747901900938671099777609
154780283842535491524100096
154785680832801628261487177
155044736365576191656067072
155087912287705285555163721
157160356549901792711802880
157505763926934543904576073
176848577040768610699874889
1237940039285380274899124224
1237940039285380274899124232
1237940039285380274899124233
1237940039285380274899124288
1237940039285380274899124297
1237940039285380274899124736
1237940039285380274899124809
1237940039285380274899128320
1237940039285380274899128905
1237940039285380274899156992
1237940039285380274899161673
1237940039285380274899386368
1237940039285380274899423817
1237940039285380274901221376
1237940039285380274901520969
1237940039285380274915901440
1237940039285380274918298185
1237940039285380275033341952
1237940039285380275052515913
1237940039285380275972866048
1237940039285380276126257737
1237940039285380283489058816
1237940039285380284716192329
1237940039285380343618600960
1237940039285380353435669065
1237940039285380824654938112
1237940039285380903191482953
1237940039285384672945635328
1237940039285385301237994057
1237940039285415459271213056
1237940039285420485610082889
1237940039285661749875834880
1237940039285701960586793545
1237940039287632074712809472
1237940039287953760400478793
1237940039303394673408606208
1237940039305968158909960777
1237940039429495462974980096
1237940039450083346985816649
1237940040438301779505971200
1237940040603004851592663625
1237940048508752311753900032
1237940049826376888447439433
1237940113072356569737330688
1237940123613353183285645897
1237940629581190633604775936
1237940713909163541991297609
1237944761651863144544337920
1237945436275646411636511305
1237977818217243232060833792
1237983215207509368798220873
1238242270740283932192800768
1238285446662413026091897417
1240357890924609533248536576
1240703298301642284441309769
1257282852399214341694423040
1260046111415476351236608585
1414788616326148885598999113
9903520314283042199192993792
9903520314283042199192993800
9903520314283042199192993801
9903520314283042199192993856
9903520314283042199192993865
9903520314283042199192994304
9903520314283042199192994377
9903520314283042199192997888
9903520314283042199192998473
9903520314283042199193026560
9903520314283042199193031241
9903520314283042199193255936
9903520314283042199193293385
9903520314283042199195090944
9903520314283042199195390537
9903520314283042199209771008
9903520314283042199212167753
9903520314283042199327211520
9903520314283042199346385481
9903520314283042200266735616
9903520314283042200420127305
9903520314283042207782928384
9903520314283042209010061897
9903520314283042267912470528
9903520314283042277729538633
9903520314283042748948807680
9903520314283042827485352521
9903520314283046597239504896
9903520314283047225531863625
9903520314283077383565082624
9903520314283082409903952457
9903520314283323674169704448
9903520314283363884880663113
9903520314285293999006679040
9903520314285615684694348361
9903520314301056597702475776
9903520314303630083203830345
9903520314427157387268849664
9903520314447745271279686217
9903520315435963703799840768
9903520315600666775886533193
9903520323506414236047769600
9903520324824038812741309001
9903520388070018494031200256
9903520398611015107579515465
9903520904578852557898645504
9903520988906825466285167177
9903525036649525068838207488
9903525711273308335930380873
9903558093214905156354703360
9903563490205171293092090441
9903822545737945856486670336
9903865721660074950385766985
9905938165922271457542406144
9906283573299304208735179337
9922863127396876265988292608
9925626386413138275530478153
10058262819193714733555384320
10080368891323810809892868681
11318308930609191084791992905
79228162514264337593543950336
79228162514264337593543950344
79228162514264337593543950345
79228162514264337593543950400
79228162514264337593543950409
79228162514264337593543950848
79228162514264337593543950921
79228162514264337593543954432
79228162514264337593543955017
79228162514264337593543983104
79228162514264337593543987785
79228162514264337593544212480
79228162514264337593544249929
79228162514264337593546047488
79228162514264337593546347081
79228162514264337593560727552
79228162514264337593563124297
79228162514264337593678168064
79228162514264337593697342025
79228162514264337594617692160
79228162514264337594771083849
79228162514264337602133884928
79228162514264337603361018441
79228162514264337662263427072
79228162514264337672080495177
79228162514264338143299764224
79228162514264338221836309065
79228162514264341991590461440
79228162514264342619882820169
79228162514264372777916039168
79228162514264377804254909001
79228162514264619068520660992
79228162514264659279231619657
79228162514266589393357635584
79228162514266911079045304905
79228162514282351992053432320
79228162514284925477554786889
79228162514408452781619806208
79228162514429040665630642761
79228162515417259098150797312
79228162515581962170237489737
79228162523487709630398726144
79228162524805334207092265545
79228162588051313888382156800
79228162598592310501930472009
79228163104560147952249602048
79228163188888120860636123721
79228167236630820463189164032
79228167911254603730281337417
79228200293196200550705659904
79228205690186466687443046985
79228464745719241250837626880
79228507921641370344736723529
79230580365903566851893362688
79230925773280599603086135881
79247505327378171660339249152
79250268586394433669881434697
79382905019175010127906340864
79405011091305106204243825225
80466102553549717868443074560
80642951130590486479142949449
90546471444873528678335943241
633825300114114700748351602688
633825300114114700748351602696
633825300114114700748351602697
633825300114114700748351602752
633825300114114700748351602761
633825300114114700748351603200
633825300114114700748351603273
633825300114114700748351606784
633825300114114700748351607369
633825300114114700748351635456
633825300114114700748351640137
633825300114114700748351864832
633825300114114700748351902281
633825300114114700748353699840
633825300114114700748353999433
633825300114114700748368379904
633825300114114700748370776649
633825300114114700748485820416
633825300114114700748504994377
633825300114114700749425344512
633825300114114700749578736201
633825300114114700756941537280
633825300114114700758168670793
633825300114114700817071079424
633825300114114700826888147529
633825300114114701298107416576
633825300114114701376643961417
633825300114114705146398113792
633825300114114705774690472521
633825300114114735932723691520
633825300114114740959062561353
633825300114114982223328313344
633825300114115022434039272009
633825300114116952548165287936
633825300114117274233852957257
633825300114132715146861084672
633825300114135288632362439241
633825300114258815936427458560
633825300114279403820438295113
633825300115267622252958449664
633825300115432325325045142089
633825300123338072785206378496
633825300124655697361899917897
633825300187901677043189809152
633825300198442673656738124361
633825300704410511107057254400
633825300788738484015443776073
633825304836481183617996816384
633825305511104966885088989769
633825337893046563705513312256
633825343290036829842250699337
633825602345569604405645279232
633825645521491733499544375881
633827717965753930006701015040
633828063373130962757893788233
633844642927228534815146901504
633847406186244796824689087049
633980042619025373282713993216
634002148691155469359051477577
635063240153400081023250726912
635240088730440849633950601801
643728820428397742947544596480
645143609044723891833143595593
724371771558988229426687545929
5070602400912917605986812821504
5070602400912917605986812821512
5070602400912917605986812821513
5070602400912917605986812821568
5070602400912917605986812821577
5070602400912917605986812822016
5070602400912917605986812822089
5070602400912917605986812825600
5070602400912917605986812826185
5070602400912917605986812854272
5070602400912917605986812858953
5070602400912917605986813083648
5070602400912917605986813121097
5070602400912917605986814918656
5070602400912917605986815218249
5070602400912917605986829598720
5070602400912917605986831995465
5070602400912917605986947039232
5070602400912917605986966213193
5070602400912917605987886563328
5070602400912917605988039955017
5070602400912917605995402756096
5070602400912917605996629889609
5070602400912917606055532298240
5070602400912917606065349366345
5070602400912917606536568635392
5070602400912917606615105180233
5070602400912917610384859332608
5070602400912917611013151691337
5070602400912917641171184910336
5070602400912917646197523780169
5070602400912917887461789532160
5070602400912917927672500490825
5070602400912919857786626506752
5070602400912920179472314176073
5070602400912935620385322303488
5070602400912938193870823658057
5070602400913061721174888677376
5070602400913082309058899513929
5070602400914070527491419668480
5070602400914235230563506360905
5070602400922140978023667597312
5070602400923458602600361136713
5070602400986704582281651027968
5070602400997245578895199343177
5070602401503213416345518473216
5070602401587541389253904994889
5070602405635284088856458035200
5070602406309907872123550208585
5070602438691849468943974531072
5070602444088839735080711918153
5070602703144372509644106498048
5070602746320294638738005594697
5070604818764556835245162233856
5070605164171933867996355007049
5070621743726031440053608120320
5070624506985047702063150305865
5070757143417828278521175212032
5070779249489958374597512696393
5071840340952202986261711945728
5072017189529243754872411820617
5080505921227200648186005815296
5081920709843526797071604814409
5149830563427181943580356771840
5161148872357791134665148764745
5794974172471905835413500367433
40564819207303340847894502572032
40564819207303340847894502572040
40564819207303340847894502572041
40564819207303340847894502572096
40564819207303340847894502572105
40564819207303340847894502572544
40564819207303340847894502572617
40564819207303340847894502576128
40564819207303340847894502576713
40564819207303340847894502604800
40564819207303340847894502609481
40564819207303340847894502834176
40564819207303340847894502871625
40564819207303340847894504669184
40564819207303340847894504968777
40564819207303340847894519349248
40564819207303340847894521745993
40564819207303340847894636789760
40564819207303340847894655963721
40564819207303340847895576313856
40564819207303340847895729705545
40564819207303340847903092506624
40564819207303340847904319640137
40564819207303340847963222048768
40564819207303340847973039116873
40564819207303340848444258385920
40564819207303340848522794930761
40564819207303340852292549083136
40564819207303340852920841441865
40564819207303340883078874660864
40564819207303340888105213530697
40564819207303341129369479282688
40564819207303341169580190241353
40564819207303343099694316257280
40564819207303343421380003926601
40564819207303358862293012054016
40564819207303361435778513408585
40564819207303484963082578427904
40564819207303505550966589264457
40564819207304493769399109419008
40564819207304658472471196111433
40564819207312564219931357347840
40564819207313881844508050887241
40564819207377127824189340778496
40564819207387668820802889093705
40564819207893636658253208223744
40564819207977964631161594745417
40564819212025707330764147785728
40564819212700331114031239959113
40564819245082272710851664281600
40564819250479262976988401668681
40564819509534795751551796248576
40564819552710717880645695345225
40564821625154980077152851984384
40564821970562357109904044757577
40564838550116454681961297870848
40564841313375470943970840056393
40564973949808251520428864962560
40564996055880381616505202446921
40566057147342626228169401696256
40566233995919666996780101571145
40574722727617623890093695565824
40576137516233950038979294564937
40644047369817605185488046522368
40655365678748214376572838515273
41198644507417455548642854174720
41289190978862329077321190117961
46359793379775246683308002939465
324518553658426726783156020576256
324518553658426726783156020576264
324518553658426726783156020576265
324518553658426726783156020576320
324518553658426726783156020576329
324518553658426726783156020576768
324518553658426726783156020576841
324518553658426726783156020580352
324518553658426726783156020580937
324518553658426726783156020609024
324518553658426726783156020613705
324518553658426726783156020838400
324518553658426726783156020875849
324518553658426726783156022673408
324518553658426726783156022973001
324518553658426726783156037353472
324518553658426726783156039750217
324518553658426726783156154793984
324518553658426726783156173967945
324518553658426726783157094318080
324518553658426726783157247709769
324518553658426726783164610510848
324518553658426726783165837644361
324518553658426726783224740052992
324518553658426726783234557121097
324518553658426726783705776390144
324518553658426726783784312934985
324518553658426726787554067087360
324518553658426726788182359446089
324518553658426726818340392665088
324518553658426726823366731534921
324518553658426727064630997286912
324518553658426727104841708245577
324518553658426729034955834261504
324518553658426729356641521930825
324518553658426744797554530058240
324518553658426747371040031412809
324518553658426870898344096432128
324518553658426891486228107268681
324518553658427879704660627423232
324518553658428044407732714115657
324518553658435950155192875352064
324518553658437267779769568891465
324518553658500513759450858782720
324518553658511054756064407097929
324518553659017022593514726227968
324518553659101350566423112749641
324518553663149093266025665789952
324518553663823717049292757963337
324518553696205658646113182285824
324518553701602648912249919672905
324518553960658181686813314252800
324518554003834103815907213349449
324518556076278366012414369988608
324518556421685743045165562761801
324518573001239840617222815875072
324518575764498856879232358060617
324518708400931637455690382966784
324518730507003767551766720451145
324519791598466012163430919700480
324519968447043052932041619575369
324528457178741009825355213570048
324529871967357335974240812569161
324597781820940991120749564526592
324609100129871600311834356519497
325152378958540841483904372178944
325242925429985715012582708122185
329589156059339644389142833397760
330313527830898632618569520943689
370878347038201973466464023515721
2596148429267413814265248164610048
2596148429267413814265248164610056
2596148429267413814265248164610057
2596148429267413814265248164610112
2596148429267413814265248164610121
2596148429267413814265248164610560
2596148429267413814265248164610633
2596148429267413814265248164614144
2596148429267413814265248164614729
2596148429267413814265248164642816
2596148429267413814265248164647497
2596148429267413814265248164872192
2596148429267413814265248164909641
2596148429267413814265248166707200
2596148429267413814265248167006793
2596148429267413814265248181387264
2596148429267413814265248183784009
2596148429267413814265248298827776
2596148429267413814265248318001737
2596148429267413814265249238351872
2596148429267413814265249391743561
2596148429267413814265256754544640
2596148429267413814265257981678153
2596148429267413814265316884086784
2596148429267413814265326701154889
2596148429267413814265797920423936
2596148429267413814265876456968777
2596148429267413814269646211121152
2596148429267413814270274503479881
2596148429267413814300432536698880
2596148429267413814305458875568713
2596148429267413814546723141320704
2596148429267413814586933852279369
2596148429267413816517047978295296
2596148429267413816838733665964617
2596148429267413832279646674092032
2596148429267413834853132175446601
2596148429267413958380436240465920
2596148429267413978968320251302473
2596148429267414967186752771457024
2596148429267415131889824858149449
2596148429267423037637285019385856
2596148429267424355261861712925257
2596148429267487601241543002816512
2596148429267498142238156551131721
2596148429268004110075606870261760
2596148429268088438048515256783433
2596148429272136180748117809823744
2596148429272810804531384901997129
2596148429305192746128205326319616
2596148429310589736394342063706697
2596148429569645269168905458286592
2596148429612821191297999357383241
2596148431685265453494506514022400
2596148432030672830527257706795593
2596148448610226928099314959908864
2596148451373485944361324502094409
2596148584009918724937782527000576
2596148606115990855033858864484937
2596149667207453099645523063734272
2596149844056030140414133763609161
2596158332787728097307447357603840
2596159747576344423456332956602953
2596227657429928078602841708560384
2596238975738858687793926500553289
2596782254567527928965996516212736
2596872801038972802494674852155977
2601219031668326731871234977431552
2601943403439885720100661664977481
2636713248474717155113142667182080
2642508222647189060948556167549513
2967026776305615787731712188125769
20769187434139310514121985316880384
20769187434139310514121985316880392
20769187434139310514121985316880393
20769187434139310514121985316880448
20769187434139310514121985316880457
20769187434139310514121985316880896
20769187434139310514121985316880969
20769187434139310514121985316884480
20769187434139310514121985316885065
20769187434139310514121985316913152
20769187434139310514121985316917833
20769187434139310514121985317142528
20769187434139310514121985317179977
20769187434139310514121985318977536
20769187434139310514121985319277129
20769187434139310514121985333657600
20769187434139310514121985336054345
20769187434139310514121985451098112
20769187434139310514121985470272073
20769187434139310514121986390622208
20769187434139310514121986544013897
20769187434139310514121993906814976
20769187434139310514121995133948489
20769187434139310514122054036357120
20769187434139310514122063853425225
20769187434139310514122535072694272
20769187434139310514122613609239113
20769187434139310514126383363391488
20769187434139310514127011655750217
20769187434139310514157169688969216
20769187434139310514162196027839049
20769187434139310514403460293591040
20769187434139310514443671004549705
20769187434139310516373785130565632
20769187434139310516695470818234953
20769187434139310532136383826362368
20769187434139310534709869327716937
20769187434139310658237173392736256
20769187434139310678825057403572809
20769187434139311667043489923727360
20769187434139311831746562010419785
20769187434139319737494022171656192
20769187434139321055118598865195593
20769187434139384301098280155086848
20769187434139394842094893703402057
20769187434139900809932344022532096
20769187434139985137905252409053769
20769187434144032880604854962094080
20769187434144707504388122054267465
20769187434177089445984942478589952
20769187434182486436251079215977033
20769187434441541969025642610556928
20769187434484717891154736509653577
20769187436557162153351243666292736
20769187436902569530383994859065929
20769187453482123627956052112179200
20769187456245382644218061654364745
20769187588881815424794519679270912
20769187610987887554890596016755273
20769188672079349799502260216004608
20769188848927926840270870915879497
20769197337659624797164184509874176
20769198752448241123313070108873289
20769266662301824778459578860830720
20769277980610755387650663652823625
20769821259439424628822733668483072
20769911805910869502351412004426313
20774258036540223431727972129701888
20774982408311782419957398817247817
20809752253346613854969879819452416
20815547227519085760805293319819849
21093705987797737240905141337456640
21140065781177512487588449340396105
23736214210444926301853697505006153
166153499473114484112975882535043072
166153499473114484112975882535043080
166153499473114484112975882535043081
166153499473114484112975882535043136
166153499473114484112975882535043145
166153499473114484112975882535043584
166153499473114484112975882535043657
166153499473114484112975882535047168
166153499473114484112975882535047753
166153499473114484112975882535075840
166153499473114484112975882535080521
166153499473114484112975882535305216
166153499473114484112975882535342665
166153499473114484112975882537140224
166153499473114484112975882537439817
166153499473114484112975882551820288
166153499473114484112975882554217033
166153499473114484112975882669260800
166153499473114484112975882688434761
166153499473114484112975883608784896
166153499473114484112975883762176585
166153499473114484112975891124977664
166153499473114484112975892352111177
166153499473114484112975951254519808
166153499473114484112975961071587913
166153499473114484112976432290856960
166153499473114484112976510827401801
166153499473114484112980280581554176
166153499473114484112980908873912905
166153499473114484113011066907131904
166153499473114484113016093246001737
166153499473114484113257357511753728
166153499473114484113297568222712393
166153499473114484115227682348728320
166153499473114484115549368036397641
166153499473114484130990281044525056
166153499473114484133563766545879625
166153499473114484257091070610898944
166153499473114484277678954621735497
166153499473114485265897387141890048
166153499473114485430600459228582473
166153499473114493336347919389818880
166153499473114494653972496083358281
166153499473114557899952177373249536
166153499473114568440948790921564745
166153499473115074408786241240694784
166153499473115158736759149627216457
166153499473119206479458752180256768
166153499473119881103242019272430153
166153499473152263044838839696752640
166153499473157660035104976434139721
166153499473416715567879539828719616
166153499473459891490008633727816265
166153499475532335752205140884455424
166153499475877743129237892077228617
166153499492457297226809949330341888
166153499495220556243071958872527433
166153499627856989023648416897433600
166153499649963061153744493234917961
166153500711054523398356157434167296
166153500887903100439124768134042185
166153509376634798396018081728036864
166153510791423414722166967327035977
166153578701276998377313476078993408
166153590019585928986504560870986313
166154133298414598227676630886645760
166154223844886043101205309222589001
166158570075515397030581869347864576
166159294447286956018811296035410505
166194064292321787453823777037615104
166199859266494259359659190537982537
166478018026772910839759038555619328
166524377820152686086442346558558793
168749647902381897927241130699653120
169120526249420099900707594723168841
189889713683559410414829580040049225
1329227995784915872903807060280344576
1329227995784915872903807060280344584
1329227995784915872903807060280344585
1329227995784915872903807060280344640
1329227995784915872903807060280344649
1329227995784915872903807060280345088
1329227995784915872903807060280345161
1329227995784915872903807060280348672
1329227995784915872903807060280349257
1329227995784915872903807060280377344
1329227995784915872903807060280382025
1329227995784915872903807060280606720
1329227995784915872903807060280644169
1329227995784915872903807060282441728
1329227995784915872903807060282741321
1329227995784915872903807060297121792
1329227995784915872903807060299518537
1329227995784915872903807060414562304
1329227995784915872903807060433736265
1329227995784915872903807061354086400
1329227995784915872903807061507478089
1329227995784915872903807068870279168
1329227995784915872903807070097412681
1329227995784915872903807128999821312
1329227995784915872903807138816889417
1329227995784915872903807610036158464
1329227995784915872903807688572703305
1329227995784915872903811458326855680
1329227995784915872903812086619214409
1329227995784915872903842244652433408
1329227995784915872903847270991303241
1329227995784915872904088535257055232
1329227995784915872904128745968013897
1329227995784915872906058860094029824
1329227995784915872906380545781699145
1329227995784915872921821458789826560
1329227995784915872924394944291181129
1329227995784915873047922248356200448
1329227995784915873068510132367037001
1329227995784915874056728564887191552
1329227995784915874221431636973883977
1329227995784915882127179097135120384
1329227995784915883444803673828659785
1329227995784915946690783355118551040
1329227995784915957231779968666866249
1329227995784916463199617418985996288
1329227995784916547527590327372517961
1329227995784920595270289929925558272
1329227995784921269894073197017731657
1329227995784953651835670017442054144
1329227995784959048825936154179441225
1329227995785218104358710717574021120
1329227995785261280280839811473117769
1329227995787333724543036318629756928
1329227995787679131920069069822530121
1329227995804258686017641127075643392
1329227995807021945033903136617828937
1329227995939658377814479594642735104
1329227995961764449944575670980219465
1329227997022855912189187335179468800
1329227997199704489229955945879343689
1329228005688436187186849259473338368
1329228007103224803512998145072337481
1329228075013078387168144653824294912
1329228086331387317777335738616287817
1329228629610215987018507808631947264
1329228720156687431892036486967890505
1329233066387316785821413047093166080
1329233790759088344809642473780712009
1329268560604123176244654954782916608
1329274355578295648150490368283284041
1329552514338574299630590216300920832
1329598874131954074877273524303860297
1331824144214183286718072308444954624
1332195022561221488691538772468470345
1349997183219055183417929045597224960
1352964209995360799205660757785350729
1519117709468475283318636640320393801
10633823966279326983230456482242756608
10633823966279326983230456482242756616
10633823966279326983230456482242756617
10633823966279326983230456482242756672
10633823966279326983230456482242756681
10633823966279326983230456482242757120
10633823966279326983230456482242757193
10633823966279326983230456482242760704
10633823966279326983230456482242761289
10633823966279326983230456482242789376
10633823966279326983230456482242794057
10633823966279326983230456482243018752
10633823966279326983230456482243056201
10633823966279326983230456482244853760
10633823966279326983230456482245153353
10633823966279326983230456482259533824
10633823966279326983230456482261930569
10633823966279326983230456482376974336
10633823966279326983230456482396148297
10633823966279326983230456483316498432
10633823966279326983230456483469890121
10633823966279326983230456490832691200
10633823966279326983230456492059824713
10633823966279326983230456550962233344
10633823966279326983230456560779301449
10633823966279326983230457031998570496
10633823966279326983230457110535115337
10633823966279326983230460880289267712
10633823966279326983230461508581626441
10633823966279326983230491666614845440
10633823966279326983230496692953715273
10633823966279326983230737957219467264
10633823966279326983230778167930425929
10633823966279326983232708282056441856
10633823966279326983233029967744111177
10633823966279326983248470880752238592
10633823966279326983251044366253593161
10633823966279326983374571670318612480
10633823966279326983395159554329449033
10633823966279326984383377986849603584
10633823966279326984548081058936296009
10633823966279326992453828519097532416
10633823966279326993771453095791071817
10633823966279327057017432777080963072
10633823966279327067558429390629278281
10633823966279327573526266840948408320
10633823966279327657854239749334929993
10633823966279331705596939351887970304
10633823966279332380220722618980143689
10633823966279364762162319439404466176
10633823966279370159152585576141853257
10633823966279629214685360139536433152
10633823966279672390607489233435529801
10633823966281744834869685740592168960
10633823966282090242246718491784942153
10633823966298669796344290549038055424
10633823966301433055360552558580240969
10633823966434069488141129016605147136
10633823966456175560271225092942631497
10633823967517267022515836757141880832
10633823967694115599556605367841755721
10633823976182847297513498681435750400
10633823977597635913839647567034749513
10633824045507489497494794075786706944
10633824056825798428103985160578699849
10633824600104627097345157230594359296
10633824690651098542218685908930302537
10633829036881727896148062469055578112
10633829761253499455136291895743124041
10633864531098534286571304376745328640
10633870326072706758477139790245696073
10634148484832985409957239638263332864
10634194844626365185203922946266272329
10636420114708594397044721730407366656
10636790993055632599018188194430882377
10654593153713466293744578467559636992
10657560180489771909532310179747762761
10799977465752441467343432364777799680
10823713679962886393645286062282805833
12152941675747802266549093122563150409
85070591730234615865843651857942052864
85070591730234615865843651857942052872
85070591730234615865843651857942052873
85070591730234615865843651857942052928
85070591730234615865843651857942052937
85070591730234615865843651857942053376
85070591730234615865843651857942053449
85070591730234615865843651857942056960
85070591730234615865843651857942057545
85070591730234615865843651857942085632
85070591730234615865843651857942090313
85070591730234615865843651857942315008
85070591730234615865843651857942352457
85070591730234615865843651857944150016
85070591730234615865843651857944449609
85070591730234615865843651857958830080
85070591730234615865843651857961226825
85070591730234615865843651858076270592
85070591730234615865843651858095444553
85070591730234615865843651859015794688
85070591730234615865843651859169186377
85070591730234615865843651866531987456
85070591730234615865843651867759120969
85070591730234615865843651926661529600
85070591730234615865843651936478597705
85070591730234615865843652407697866752
85070591730234615865843652486234411593
85070591730234615865843656255988563968
85070591730234615865843656884280922697
85070591730234615865843687042314141696
85070591730234615865843692068653011529
85070591730234615865843933332918763520
85070591730234615865843973543629722185
85070591730234615865845903657755738112
85070591730234615865846225343443407433
85070591730234615865861666256451534848
85070591730234615865864239741952889417
85070591730234615865987767046017908736
85070591730234615866008354930028745289
85070591730234615866996573362548899840
85070591730234615867161276434635592265
85070591730234615875067023894796828672
85070591730234615876384648471490368073
85070591730234615939630628152780259328
85070591730234615950171624766328574537
85070591730234616456139462216647704576
85070591730234616540467435125034226249
85070591730234620588210134727587266560
85070591730234621262833917994679439945
85070591730234653644775514815103762432
85070591730234659041765780951841149513
85070591730234918097298555515235729408
85070591730234961273220684609134826057
85070591730237033717482881116291465216
85070591730237379124859913867484238409
85070591730253958678957485924737351680
85070591730256721937973747934279537225
85070591730389358370754324392304443392
85070591730411464442884420468641927753
85070591731472555905129032132841177088
85070591731649404482169800743541051977
85070591740138136180126694057135046656
85070591741552924796452842942734045769
85070591809462778380107989451486003200
85070591820781087310717180536277996105
85070592364059915979958352606293655552
85070592454606387424831881284629598793
85070596800837016778761257844754874368
85070597525208788337749487271442420297
85070632295053823169184499752444624896
85070638090027995641090335165944992329
85070916248788274292570435013962629120
85070962608581654067817118321965568585
85073187878663883279657917106106662912
85073558757010921481631383570130178633
85091360917668755176357773843258933248
85094327944445060792145505555447059017
85236745229707730349956627740477095936
85260481443918175276258481437982102089
86399819726019531738747458918222397440
86589709439703091149162288498262446665
97223533405982418132392744980505203273
