289
307
4913
4930
4931
5220
83521
83538
83539
83810
83828
88741
1419857
1419874
1419875
1420146
1420164
1424770
1425077
1508598
24137569
24137586
24137587
24137858
24137876
24142482
24142789
24221090
24226310
25646167
410338673
410338690
410338691
410338962
410338980
410343586
410343893
410422194
410427414
411758530
411847271
435984840
6975757441
6975757458
6975757459
6975757730
6975757748
6975762354
6975762661
6975840962
6975846182
6977177298
6977266039
6999895010
7001403608
7411742281
118587876497
118587876514
118587876515
118587876786
118587876804
118587881410
118587881717
118587960018
118587965238
118589296354
118589385095
118612014066
118613522664
118998215170
119023861337
125999618778
2015993900449
2015993900466
2015993900467
2015993900738
2015993900756
2015993905362
2015993905669
2015993983970
2015993989190
2015995320306
2015995409047
2016018038018
2016019546616
2016404239122
2016429885289
2022969657890
2023405642730
2141993519227
34271896307633
34271896307650
34271896307651
34271896307922
34271896307940
34271896312546
34271896312853
34271896391154
34271896396374
34271897727490
34271897816231
34271920445202
34271921953800
34272306646306
34272332292473
34278872065074
34279308049914
34390484184130
34397895926411
36413889826860
582622237229761
582622237229778
582622237229779
582622237230050
582622237230068
582622237234674
582622237234981
582622237313282
582622237318502
582622238649618
582622238738359
582622261367330
582622262875928
582622647568434
582622673214601
582629212987202
582629648972042
582740825106258
582748236848539
584638231130210
584764230748988
619036127056621
9904578032905937
9904578032905954
9904578032905955
9904578032906226
9904578032906244
9904578032910850
9904578032911157
9904578032989458
9904578032994678
9904578034325794
9904578034414535
9904578057043506
9904578058552104
9904578443244610
9904578468890777
9904585008663378
9904585444648218
9904696620782434
9904704032524715
9906594026806386
9906720026425164
9938849929213570
9940991922732797
10523614159962558
168377826559400929
168377826559400946
168377826559400947
168377826559401218
168377826559401236
168377826559405842
168377826559406149
168377826559484450
168377826559489670
168377826560820786
168377826560909527
168377826583538498
168377826585047096
168377826969739602
168377826995385769
168377833535158370
168377833971143210
168377945147277426
168377952559019707
168379842553301378
168379968552920156
168412098455708562
168414240449227789
168960448796630690
168996862686457550
178901440719363487
2862423051509815793
2862423051509815810
2862423051509815811
2862423051509816082
2862423051509816100
2862423051509820706
2862423051509821013
2862423051509899314
2862423051509904534
2862423051511235650
2862423051511324391
2862423051533953362
2862423051535461960
2862423051920154466
2862423051945800633
2862423058485573234
2862423058921558074
2862423170097692290
2862423177509434571
2862425067503716242
2862425193503335020
2862457323406123426
2862459465399642653
2863005673747045554
2863042087636872414
2872327629542721730
2872946665669778351
3041324492229179280
48661191875666868481
48661191875666868498
48661191875666868499
48661191875666868770
48661191875666868788
48661191875666873394
48661191875666873701
48661191875666952002
48661191875666957222
48661191875668288338
48661191875668377079
48661191875691006050
48661191875692514648
48661191876077207154
48661191876102853321
48661191882642625922
48661191883078610762
48661191994254744978
48661192001666487259
48661193891660768930
48661194017660387708
48661226147563176114
48661228289556695341
48661774497904098242
48661810911793925102
48671096453699774418
48671715489826831039
48829569702226269410
48840093316386231968
51702516367896047761
827240261886336764177
827240261886336764194
827240261886336764195
827240261886336764466
827240261886336764484
827240261886336769090
827240261886336769397
827240261886336847698
827240261886336852918
827240261886338184034
827240261886338272775
827240261886360901746
827240261886362410344
827240261886747102850
827240261886772749017
827240261893312521618
827240261893748506458
827240262004924640674
827240262012336382955
827240263902330664626
827240264028330283404
827240296158233071810
827240298300226591037
827240844508573993938
827240880922463820798
827250166464369670114
827250785500496726735
827408639712896165106
827419163327056127664
830102684937846579970
830281586378565943457
878942778254232811938
14063084452067724991009
14063084452067724991026
14063084452067724991027
14063084452067724991298
14063084452067724991316
14063084452067724995922
14063084452067724996229
14063084452067725074530
14063084452067725079750
14063084452067726410866
14063084452067726499607
14063084452067749128578
14063084452067750637176
14063084452068135329682
14063084452068160975849
14063084452074700748450
14063084452075136733290
14063084452186312867506
14063084452193724609787
14063084454083718891458
14063084454209718510236
14063084486339621298642
14063084488481614817869
14063085034689962220770
14063085071103852047630
14063094356645757896946
14063094975681884953567
14063252829894284391938
14063263353508444354496
14065946875119234806802
14066125776559954170289
14111745643943391859490
14114786968435621038770
14942027230321957802947
239072435685151324847153
239072435685151324847170
239072435685151324847171
239072435685151324847442
239072435685151324847460
239072435685151324852066
239072435685151324852373
239072435685151324930674
239072435685151324935894
239072435685151326267010
239072435685151326355751
239072435685151348984722
239072435685151350493320
239072435685151735185826
239072435685151760831993
239072435685158300604594
239072435685158736589434
239072435685269912723650
239072435685277324465931
239072435687167318747602
239072435687293318366380
239072435719423221154786
239072435721565214674013
239072436267773562076914
239072436304187451903774
239072445589729357753090
239072446208765484809711
239072604062977884248082
239072614586592044210640
239075298108202834662946
239075477009643554026433
239121096877026991715634
239124138201519220894914
239899675947037661611330
239951378463405557659091
254014462915473282650100
4064231406647572522401601
4064231406647572522401618
4064231406647572522401619
4064231406647572522401890
4064231406647572522401908
4064231406647572522406514
4064231406647572522406821
4064231406647572522485122
4064231406647572522490342
4064231406647572523821458
4064231406647572523910199
4064231406647572546539170
4064231406647572548047768
4064231406647572932740274
4064231406647572958386441
4064231406647579498159042
4064231406647579934143882
4064231406647691110278098
4064231406647698522020379
4064231406649588516302050
4064231406649714515920828
4064231406681844418709234
4064231406683986412228461
4064231407230194759631362
4064231407266608649458222
4064231416552150555307538
4064231417171186682364159
4064231575025399081802530
4064231585549013241765088
4064234269070624032217394
4064234447972064751580881
4064280067839448189270082
4064283109163940418449362
4065058646909458859165778
4065110349425826755213539
4078294491099640247392610
4079173433877894480204548
4318245869563045805051701
69091933913008732880827217
69091933913008732880827234
69091933913008732880827235
69091933913008732880827506
69091933913008732880827524
69091933913008732880832130
69091933913008732880832437
69091933913008732880910738
69091933913008732880915958
69091933913008732882247074
69091933913008732882335815
69091933913008732904964786
69091933913008732906473384
69091933913008733291165890
69091933913008733316812057
69091933913008739856584658
69091933913008740292569498
69091933913008851468703714
69091933913008858880445995
69091933913010748874727666
69091933913010874874346444
69091933913043004777134850
69091933913045146770654077
69091933913591355118056978
69091933913627769007883838
69091933922913310913733154
69091933923532347040789775
69091934081386559440228146
69091934091910173600190704
69091936775431784390643010
69091936954333225110006497
69091982574200608547695698
69091985615525100776874978
69092761153270619217591394
69092812855786987113639155
69105996997460800605818226
69106875940239054838630164
69331006348693884205674370
69345948375924206163477317
73410179782571778685878918
1174562876521148458974062689
1174562876521148458974062706
1174562876521148458974062707
1174562876521148458974062978
1174562876521148458974062996
1174562876521148458974067602
1174562876521148458974067909
1174562876521148458974146210
1174562876521148458974151430
1174562876521148458975482546
1174562876521148458975571287
1174562876521148458998200258
1174562876521148458999708856
1174562876521148459384401362
1174562876521148459410047529
1174562876521148465949820130
1174562876521148466385804970
1174562876521148577561939186
1174562876521148584973681467
1174562876521150474967963138
1174562876521150600967581916
1174562876521182730870370322
1174562876521184872863889549
1174562876521731081211292450
1174562876521767495101119310
1174562876531053037006968626
1174562876531672073134025247
1174562876689526285533463618
1174562876700049899693426176
1174562879383571510483878482
1174562879562472951203241969
1174562925182340334640931170
1174562928223664826870110450
1174563703761410345310826866
1174563755463926713206874627
1174576939605600526699053698
1174577818548378780931865636
1174801948956833610298909842
1174816890984063932256712789
1178627107927796031496464290
1178881122390711504779114390
1247973056303720237659941607
19967568900859523802559065713
19967568900859523802559065730
19967568900859523802559065731
19967568900859523802559066002
19967568900859523802559066020
19967568900859523802559070626
19967568900859523802559070933
19967568900859523802559149234
19967568900859523802559154454
19967568900859523802560485570
19967568900859523802560574311
19967568900859523802583203282
19967568900859523802584711880
19967568900859523802969404386
19967568900859523802995050553
19967568900859523809534823154
19967568900859523809970807994
19967568900859523921146942210
19967568900859523928558684491
19967568900859525818552966162
19967568900859525944552584940
19967568900859558074455373346
19967568900859560216448892573
19967568900860106424796295474
19967568900860142838686122334
19967568900869428380591971650
19967568900870047416719028271
19967568901027901629118466642
19967568901038425243278429200
19967568903721946854068881506
19967568903900848294788244993
19967568949520715678225934194
19967568952562040170455113474
19967569728099785688895829890
19967569779802302056791877651
19967582963943975870284056722
19967583842886754124516868660
19967807973295208953883912866
19967822915322439275841715813
19971633132266171375081467314
19971887146729086848364117414
20036660834772532535439892930
20040979080642095581244944631
21215541957163244040219007320
339448671314611904643504117121
339448671314611904643504117138
339448671314611904643504117139
339448671314611904643504117410
339448671314611904643504117428
339448671314611904643504122034
339448671314611904643504122341
339448671314611904643504200642
339448671314611904643504205862
339448671314611904643505536978
339448671314611904643505625719
339448671314611904643528254690
339448671314611904643529763288
339448671314611904643914455794
339448671314611904643940101961
339448671314611904650479874562
339448671314611904650915859402
339448671314611904762091993618
339448671314611904769503735899
339448671314611906659498017570
339448671314611906785497636348
339448671314611938915400424754
339448671314611941057393943981
339448671314612487265741346882
339448671314612523679631173742
339448671314621809221537023058
339448671314622428257664079679
339448671314780282470063518050
339448671314790806084223480608
339448671317474327695013932914
339448671317653229135733296401
339448671363273096519170985602
339448671366314421011400164882
339448672141852166529840881298
339448672193554682897736929059
339448685377696356711229108130
339448686256639134965461920068
339448910387047589794828964274
339448925329074820116786767221
339452735546018552216026518722
339452989560481467689309168822
339517763248524913376384944338
339522081494394476422189996039
340623234191133053102478179810
340696644370915624881164058728
360664213271775148683723124441
5770627412348402378939569991057
5770627412348402378939569991074
5770627412348402378939569991075
5770627412348402378939569991346
5770627412348402378939569991364
5770627412348402378939569995970
5770627412348402378939569996277
5770627412348402378939570074578
5770627412348402378939570079798
5770627412348402378939571410914
5770627412348402378939571499655
5770627412348402378939594128626
5770627412348402378939595637224
5770627412348402378939980329730
5770627412348402378940005975897
5770627412348402378946545748498
5770627412348402378946981733338
5770627412348402379058157867554
5770627412348402379065569609835
5770627412348402380955563891506
5770627412348402381081563510284
5770627412348402413211466298690
5770627412348402415353459817917
5770627412348402961561807220818
5770627412348402997975697047678
5770627412348412283517602896994
5770627412348412902553729953615
5770627412348570756766129391986
5770627412348581280380289354544
5770627412351264801991079806850
5770627412351443703431799170337
5770627412397063570815236859538
5770627412400104895307466038818
5770627413175642640825906755234
5770627413227345157193802802995
5770627426411486831007294982066
5770627427290429609261527794004
5770627651420838064090894838210
5770627666362865294412852641157
5770631476579809026512092392658
5770631730594271941985375042758
5770696504282315387672450818274
5770700822528184950718255869975
5771801975224923527398544053746
5771875385404706099177229932664
5790594981249261902742129056770
5791842954305565622979788998377
6131291625620177527623293115498
98100666009922840441972689847969
98100666009922840441972689847986
98100666009922840441972689847987
98100666009922840441972689848258
98100666009922840441972689848276
98100666009922840441972689852882
98100666009922840441972689853189
98100666009922840441972689931490
98100666009922840441972689936710
98100666009922840441972691267826
98100666009922840441972691356567
98100666009922840441972713985538
98100666009922840441972715494136
98100666009922840441973100186642
98100666009922840441973125832809
98100666009922840441979665605410
98100666009922840441980101590250
98100666009922840442091277724466
98100666009922840442098689466747
98100666009922840443988683748418
98100666009922840444114683367196
98100666009922840476244586155602
98100666009922840478386579674829
98100666009922841024594927077730
98100666009922841061008816904590
98100666009922850346550722753906
98100666009922850965586849810527
98100666009923008819799249248898
98100666009923019343413409211456
98100666009925702865024199663762
98100666009925881766464919027249
98100666009971501633848356716450
98100666009974542958340585895730
98100666010750080703859026612146
98100666010801783220226922659907
98100666023985924894040414838978
98100666024864867672294647650916
98100666248995276127124014695122
98100666263937303357445972498069
98100670074154247089545212249570
98100670328168710005018494899670
98100735101856753450705570675186
98100739420102623013751375726887
98101840572799361590431663910658
98101913982979144162210349789576
98120633578823699965775248913682
98121881551880003686012908855289
98440114681237452346616193965090
98461330223194615590656412972410
104231957635543017969595982963467
1667711322168688287513535727415473
1667711322168688287513535727415490
1667711322168688287513535727415491
1667711322168688287513535727415762
1667711322168688287513535727415780
1667711322168688287513535727420386
1667711322168688287513535727420693
1667711322168688287513535727498994
1667711322168688287513535727504214
1667711322168688287513535728835330
1667711322168688287513535728924071
1667711322168688287513535751553042
1667711322168688287513535753061640
1667711322168688287513536137754146
1667711322168688287513536163400313
1667711322168688287513542703172914
1667711322168688287513543139157754
1667711322168688287513654315291970
1667711322168688287513661727034251
1667711322168688287515551721315922
1667711322168688287515677720934700
1667711322168688287547807623723106
1667711322168688287549949617242333
1667711322168688288096157964645234
1667711322168688288132571854472094
1667711322168688297418113760321410
1667711322168688298037149887378031
1667711322168688455891362286816402
1667711322168688466414976446778960
1667711322168691149936587237231266
1667711322168691328838027956594753
1667711322168736948705411394283954
1667711322168739990029903623463234
1667711322169515527775422064179650
1667711322169567230291789960227411
1667711322182751371965603452406482
1667711322183630314743857685218420
1667711322407760723198687052262626
1667711322422702750429009010065573
1667711326232919694161108249817074
1667711326486934157076581532467174
1667711391260622200522268608242690
1667711395578868070085314413294391
1667712496731564808661994701478162
1667712570141744591233773387357080
1667731289737589147037338286481186
1667732537710645450757575946422793
1668050770840002899418179231532594
1668071986381960062662219450539914
1673481949581036689892475297406530
1673842613794308465041159020530971
1771943279804231305483131710378940
28351092476867700887730107366063041
28351092476867700887730107366063058
28351092476867700887730107366063059
28351092476867700887730107366063330
28351092476867700887730107366063348
28351092476867700887730107366067954
28351092476867700887730107366068261
28351092476867700887730107366146562
28351092476867700887730107366151782
28351092476867700887730107367482898
28351092476867700887730107367571639
28351092476867700887730107390200610
28351092476867700887730107391709208
28351092476867700887730107776401714
28351092476867700887730107802047881
28351092476867700887730114341820482
28351092476867700887730114777805322
28351092476867700887730225953939538
28351092476867700887730233365681819
28351092476867700887732123359963490
28351092476867700887732249359582268
28351092476867700887764379262370674
28351092476867700887766521255889901
28351092476867700888312729603292802
28351092476867700888349143493119662
28351092476867700897634685398968978
28351092476867700898253721526025599
28351092476867701056107933925463970
28351092476867701066631548085426528
28351092476867703750153158875878834
28351092476867703929054599595242321
28351092476867749548921983032931522
28351092476867752590246475262110802
28351092476868528127991993702827218
28351092476868579830508361598874979
28351092476881763972182175091054050
28351092476882642914960429323865988
28351092477106773323415258690910194
28351092477121715350645580648713141
28351092480931932294377679888464642
28351092481185946757293153171114742
28351092545959634800738840246890258
28351092550277880670301886051941959
28351093651430577408878566340125730
28351093724840757191450345026004648
28351112444436601747253909925128754
28351113692409658050974147585070361
28351431925539015499634750870180162
28351453141080972662878791089187482
28356863104280049290109046936054098
28357223768493321065257730659178539
28449193142877623728172080055911010
28455324434503243905699703349026508
30123035756671932193213239076441981
481968572106750915091411825223071697
481968572106750915091411825223071714
481968572106750915091411825223071715
481968572106750915091411825223071986
481968572106750915091411825223072004
481968572106750915091411825223076610
481968572106750915091411825223076917
481968572106750915091411825223155218
481968572106750915091411825223160438
481968572106750915091411825224491554
481968572106750915091411825224580295
481968572106750915091411825247209266
481968572106750915091411825248717864
481968572106750915091411825633410370
481968572106750915091411825659056537
481968572106750915091411832198829138
481968572106750915091411832634813978
481968572106750915091411943810948194
481968572106750915091411951222690475
481968572106750915091413841216972146
481968572106750915091413967216590924
481968572106750915091446097119379330
481968572106750915091448239112898557
481968572106750915091994447460301458
481968572106750915092030861350128318
481968572106750915101316403255977634
481968572106750915101935439383034255
481968572106750915259789651782472626
481968572106750915270313265942435184
481968572106750917953834876732887490
481968572106750918132736317452250977
481968572106750963752603700889940178
481968572106750966793928193119119458
481968572106751742331673711559835874
481968572106751794034190079455883635
481968572106764978175863892948062706
481968572106765857118642147180874644
481968572106989987527096976547918850
481968572107004929554327298505721797
481968572110815146498059397745473298
481968572111069160960974871028123398
481968572175842849004420558103898914
481968572180161094873983603908950615
481968573281313791612560284197134386
481968573354723971395132062883013304
481968592074319815950935627782137410
481968593322292872254655865442079017
481968911555422229703316468727188818
481968932770964186866560508946196138
481974342734163263493790764793062754
481974703398376535268939448516187195
482066672772760837931853797912919666
482072804064386458109381421206035164
483636283428919603378925360950487170
483740515386555146396894956933450637
512091607863422847284625064299513678
8193465725814765556554001028792218849
8193465725814765556554001028792218866
8193465725814765556554001028792218867
8193465725814765556554001028792219138
8193465725814765556554001028792219156
8193465725814765556554001028792223762
8193465725814765556554001028792224069
8193465725814765556554001028792302370
8193465725814765556554001028792307590
8193465725814765556554001028793638706
8193465725814765556554001028793727447
8193465725814765556554001028816356418
8193465725814765556554001028817865016
8193465725814765556554001029202557522
8193465725814765556554001029228203689
8193465725814765556554001035767976290
8193465725814765556554001036203961130
8193465725814765556554001147380095346
8193465725814765556554001154791837627
8193465725814765556554003044786119298
8193465725814765556554003170785738076
8193465725814765556554035300688526482
8193465725814765556554037442682045709
8193465725814765556554583651029448610
8193465725814765556554620064919275470
8193465725814765556563905606825124786
8193465725814765556564524642952181407
8193465725814765556722378855351619778
8193465725814765556732902469511582336
8193465725814765559416424080302034642
8193465725814765559595325521021398129
8193465725814765605215192904459087330
8193465725814765608256517396688266610
8193465725814766383794262915128983026
8193465725814766435496779283025030787
8193465725814779619638453096517209858
8193465725814780498581231350750021796
8193465725815004628989686180117066002
8193465725815019571016916502074868949
8193465725818829787960648601314620450
8193465725819083802423564074597270550
8193465725883857490467009761673046066
8193465725888175736336572807478097767
8193465726989328433075149487766281538
8193465727062738612857721266452160456
8193465745782334457413524831351284562
8193465747030307513717245069011226169
8193466065263436871165905672296335970
8193466086478978828329149712515343290
8193471496442177904956379968362209906
8193471857106391176731528652085334347
8193563826480775479394443001482066818
8193569957772401099571970624775182316
8195133437136934244841514564519634322
8195237669094569787859484160502597789
8221816818291633257441731136158281890
8223588761571437488747214267868660830
8705557333678188403838626093091732527
139288917338851014461418017489467720433
139288917338851014461418017489467720450
139288917338851014461418017489467720451
139288917338851014461418017489467720722
139288917338851014461418017489467720740
139288917338851014461418017489467725346
139288917338851014461418017489467725653
139288917338851014461418017489467803954
139288917338851014461418017489467809174
139288917338851014461418017489469140290
139288917338851014461418017489469229031
139288917338851014461418017489491858002
139288917338851014461418017489493366600
139288917338851014461418017489878059106
139288917338851014461418017489903705273
139288917338851014461418017496443477874
139288917338851014461418017496879462714
139288917338851014461418017608055596930
139288917338851014461418017615467339211
139288917338851014461418019505461620882
139288917338851014461418019631461239660
139288917338851014461418051761364028066
139288917338851014461418053903357547293
139288917338851014461418600111704950194
139288917338851014461418636525594777054
139288917338851014461427922067500626370
139288917338851014461428541103627682991
139288917338851014461586395316027121362
139288917338851014461596918930187083920
139288917338851014464280440540977536226
139288917338851014464459341981696899713
139288917338851014510079209365134588914
139288917338851014513120533857363768194
139288917338851015288658279375804484610
139288917338851015340360795743700532371
139288917338851028524502469557192711442
139288917338851029403445247811425523380
139288917338851253533853702640792567586
139288917338851268475880932962750370533
139288917338855078692824665061990122034
139288917338855332707287580535272772134
139288917338920106395331026222348547650
139288917338924424641200589268153599351
139288917340025577337939165948441783122
139288917340098987517721737727127662040
139288917358818583362277541292026786146
139288917360066556418581261529686727753
139288917678299685776029922132971837554
139288917699515227733193166173190844874
139288923109478426809820396429037711490
139288923470142640081595545112760835931
139289015439517024384258459462157568402
139289021570808650004435987085450683900
139290585050173183149705531025195135906
139290689282130818692723500621178099373
139317268431327882162305747596833783474
139319040374607686393611230728544162414
139770885910957765376509429314690792130
139801008946714437308702642553767234111
147994474672529202865256643582559452960
