343
344
117649
117992
40353607
40353950
13841287201
13841287544
4747561509943
4747561510286
1628413597910449
1628413597910792
558545864083284007
558545864083284350
191581231380566414401
191581231380566414744
65712362363534280139543
65712362363534280139886
22539340290692258087863249
22539340290692258087863592
7730993719707444524137094407
7730993719707444524137094750
2651730845859653471779023381601
2651730845859653471779023381944
909543680129861140820205019889143
909543680129861140820205019889486
311973482284542371301330321821976049
311973482284542371301330321821976392
107006904423598033356356300384937784807
107006904423598033356356300384937785150
