49
57
343
350
351
400
2401
2408
2409
2450
2458
2801
16807
16814
16815
16856
16864
17150
17207
19608
117649
117656
117657
117698
117706
117992
118049
120050
120450
137257
823543
823550
823551
823592
823600
823886
823943
825944
826344
840350
843151
960800
5764801
5764808
5764809
5764850
5764858
5765144
5765201
5767202
5767602
5781608
5784409
5882450
5902058
6725601
40353607
40353614
40353615
40353656
40353664
40353950
40354007
40356008
40356408
40370414
40373215
40471256
40490864
41177150
41314407
47079208
282475249
282475256
282475257
282475298
282475306
282475592
282475649
282477650
282478050
282492056
282494857
282592898
282612506
283298792
283436049
288240050
289200850
329554457
1977326743
1977326750
1977326751
1977326792
1977326800
1977327086
1977327143
1977329144
1977329544
1977343550
1977346351
1977444392
1977464000
1978150286
1978287543
1983091544
1984052344
2017680350
2024405951
2306881200
13841287201
13841287208
13841287209
13841287250
13841287258
13841287544
13841287601
13841289602
13841290002
13841304008
13841306809
13841404850
13841424458
13842110744
13842248001
13847052002
13848012802
13881640808
13888366409
14123762450
14170841658
16148168401
96889010407
96889010414
96889010415
96889010456
96889010464
96889010750
96889010807
96889012808
96889013208
96889027214
96889030015
96889128056
96889147664
96889833950
96889971207
96894775208
96895736008
96929364014
96936089615
97171485656
97218564864
98866337150
99195891607
113037178808
678223072849
678223072856
678223072857
678223072898
678223072906
678223073192
678223073249
678223075250
678223075650
678223089656
678223092457
678223190498
678223210106
678223896392
678224033649
678228837650
678229798450
678263426456
678270152057
678505548098
678552627306
680200399592
680529954049
692064360050
694371241250
791260251657
4747561509943
4747561509950
4747561509951
4747561509992
4747561510000
4747561510286
4747561510343
4747561512344
4747561512744
4747561526750
4747561529551
4747561627592
4747561647200
4747562333486
4747562470743
4747567274744
4747568235544
4747601863550
4747608589151
4747843985192
4747891064400
4749538836686
4749868391143
4761402797144
4763709678344
4844450520350
4860598688751
5538821761600
33232930569601
33232930569608
33232930569609
33232930569650
33232930569658
33232930569944
33232930570001
33232930572002
33232930572402
33232930586408
33232930589209
33232930687250
33232930706858
33232931393144
33232931530401
33232936334402
33232937295202
33232970923208
33232977648809
33233213044850
33233260124058
33234907896344
33235237450801
33246771856802
33249078738002
33329819580008
33345967748409
33911153642450
34024190821258
38771752331201
232630513987207
232630513987214
232630513987215
232630513987256
232630513987264
232630513987550
232630513987607
232630513989608
232630513990008
232630514004014
232630514006815
232630514104856
232630514124464
232630514810750
232630514948007
232630519752008
232630520712808
232630554340814
232630561066415
232630796462456
232630843541664
232632491313950
232632820868407
232644355274408
232646662155608
232727402997614
232743551166015
233308737060056
233421774238864
237378075497150
238169335748807
271402266318408
1628413597910449
1628413597910456
1628413597910457
1628413597910498
1628413597910506
1628413597910792
1628413597910849
1628413597912850
1628413597913250
1628413597927256
1628413597930057
1628413598028098
1628413598047706
1628413598733992
1628413598871249
1628413603675250
1628413604636050
1628413638264056
1628413644989657
1628413880385698
1628413927464906
1628415575237192
1628415904791649
1628427439197650
1628429746078850
1628510486920856
1628526635089257
1629091820983298
1629204858162106
1633161159420392
1633952419672049
1661646528480050
1667185350241650
1899815864228857
11398895185373143
11398895185373150
11398895185373151
11398895185373192
11398895185373200
11398895185373486
11398895185373543
11398895185375544
11398895185375944
11398895185389950
11398895185392751
11398895185490792
11398895185510400
11398895186196686
11398895186333943
11398895191137944
11398895192098744
11398895225726750
11398895232452351
11398895467848392
11398895514927600
11398897162699886
11398897492254343
11398909026660344
11398911333541544
11398992074383550
11399008222551951
11399573408445992
11399686445624800
11403642746883086
11404434007134743
11432128115942744
11437666937704344
11631525699360350
11670297451691551
13298711049602000
79792266297612001
79792266297612008
79792266297612009
79792266297612050
79792266297612058
79792266297612344
79792266297612401
79792266297614402
79792266297614802
79792266297628808
79792266297631609
79792266297729650
79792266297749258
79792266298435544
79792266298572801
79792266303376802
79792266304337602
79792266337965608
79792266344691209
79792266580087250
79792266627166458
79792268274938744
79792268604493201
79792280138899202
79792282445780402
79792363186622408
79792379334790809
79792944520684850
79793057557863658
79797013859121944
79797805119373601
79825499228181602
79831038049943202
80024896811599208
80063668563930409
81420679895522450
81692082161840858
93090977347214001
558545864083284007
558545864083284014
558545864083284015
558545864083284056
558545864083284064
558545864083284350
558545864083284407
558545864083286408
558545864083286808
558545864083300814
558545864083303615
558545864083401656
558545864083421264
558545864084107550
558545864084244807
558545864089048808
558545864090009608
558545864123637614
558545864130363215
558545864365759256
558545864412838464
558545866060610750
558545866390165207
558545877924571208
558545880231452408
558545960972294414
558545977120462815
558546542306356856
558546655343535664
558550611644793950
558551402905045607
558579097013853608
558584635835615208
558778494597271214
558817266349602415
560174277681194456
560445679947512864
569944759268657150
571844575132886007
651636841430498008
3909821048582988049
3909821048582988056
3909821048582988057
3909821048582988098
3909821048582988106
3909821048582988392
3909821048582988449
3909821048582990450
3909821048582990850
3909821048583004856
3909821048583007657
3909821048583105698
3909821048583125306
3909821048583811592
3909821048583948849
3909821048588752850
3909821048589713650
3909821048623341656
3909821048630067257
3909821048865463298
3909821048912542506
3909821050560314792
3909821050889869249
3909821062424275250
3909821064731156450
3909821145471998456
3909821161620166857
3909821726806060898
3909821839843239706
3909825796144497992
3909826587404749649
3909854281513557650
3909859820335319250
3910053679096975256
3910092450849306457
3911449462180898498
3911720864447216906
3921219943768361192
3923119759632590049
3989613314880600050
4002912025930202050
4561457890013486057
27368747340080916343
27368747340080916350
27368747340080916351
27368747340080916392
27368747340080916400
27368747340080916686
27368747340080916743
27368747340080918744
27368747340080919144
27368747340080933150
27368747340080935951
27368747340081033992
27368747340081053600
27368747340081739886
27368747340081877143
27368747340086681144
27368747340087641944
27368747340121269950
27368747340127995551
27368747340363391592
27368747340410470800
27368747342058243086
27368747342387797543
27368747353922203544
27368747356229084744
27368747436969926750
27368747453118095151
27368748018303989192
27368748131341168000
27368752087642426286
27368752878902677943
27368780573011485944
27368786111833247544
27368979970594903550
27369018742347234751
27370375753678826792
27370647155945145200
27380146235266289486
27382046051130518343
27448539606378528344
27461838317428130344
27927293204164200350
28020384181511414351
31930205230094402400
191581231380566414401
191581231380566414408
191581231380566414409
191581231380566414450
191581231380566414458
191581231380566414744
191581231380566414801
191581231380566416802
191581231380566417202
191581231380566431208
191581231380566434009
191581231380566532050
191581231380566551658
191581231380567237944
191581231380567375201
191581231380572179202
191581231380573140002
191581231380606768008
191581231380613493609
191581231380848889650
191581231380895968858
191581231382543741144
191581231382873295601
191581231394407701602
191581231396714582802
191581231477455424808
191581231493603593209
191581232058789487250
191581232171826666058
191581236128127924344
191581236919388176001
191581264613496984002
191581270152318745602
191581464011080401608
191581502782832732809
191582859794164324850
191583131196430643258
191592630275751787544
191594530091616016401
191661023646864026402
191674322357913628402
192139777244649698408
192232868221996912409
195491052429149402450
196142689270579900458
223511436610660816801
1341068619663964900807
1341068619663964900814
1341068619663964900815
1341068619663964900856
1341068619663964900864
1341068619663964901150
1341068619663964901207
1341068619663964903208
1341068619663964903608
1341068619663964917614
1341068619663964920415
1341068619663965018456
1341068619663965038064
1341068619663965724350
1341068619663965861607
1341068619663970665608
1341068619663971626408
1341068619664005254414
1341068619664011980015
1341068619664247376056
1341068619664294455264
1341068619665942227550
1341068619666271782007
1341068619677806188008
1341068619680113069208
1341068619760853911214
1341068619777002079615
1341068620342187973656
1341068620455225152464
1341068624411526410750
1341068625202786662407
1341068652896895470408
1341068658435717232008
1341068852294478888014
1341068891066231219215
1341070248077562811256
1341070519479829129664
1341080018559150273950
1341081918375014502807
1341148411930262512808
1341161710641312114808
1341627165528048184814
1341720256505395398815
1344978440712547888856
1345630077553978386864
1368437367004045817150
1372998824894059303207
1564580056274625717608
9387480337647754305649
9387480337647754305656
9387480337647754305657
9387480337647754305698
9387480337647754305706
9387480337647754305992
9387480337647754306049
9387480337647754308050
9387480337647754308450
9387480337647754322456
9387480337647754325257
9387480337647754423298
9387480337647754442906
9387480337647755129192
9387480337647755266449
9387480337647760070450
9387480337647761031250
9387480337647794659256
9387480337647801384857
9387480337648036780898
9387480337648083860106
9387480337649731632392
9387480337650061186849
9387480337661595592850
9387480337663902474050
9387480337744643316056
9387480337760791484457
9387480338325977378498
9387480338439014557306
9387480342395315815592
9387480343186576067249
9387480370880684875250
9387480376419506636850
9387480570278268292856
9387480609050020624057
9387481966061352216098
9387482237463618534506
9387491736542939678792
9387493636358803907649
9387560129914051917650
9387573428625101519650
9388038883511837589656
9388131974489184803657
9391390158696337293698
9392041795537767791706
9414849084987835221992
9419410542877848708049
9579061569028320720050
9610991774258415122450
10952060393922380023257
65712362363534280139543
65712362363534280139550
65712362363534280139551
65712362363534280139592
65712362363534280139600
65712362363534280139886
65712362363534280139943
65712362363534280141944
65712362363534280142344
65712362363534280156350
65712362363534280159151
65712362363534280257192
65712362363534280276800
65712362363534280963086
65712362363534281100343
65712362363534285904344
65712362363534286865144
65712362363534320493150
65712362363534327218751
65712362363534562614792
65712362363534609694000
65712362363536257466286
65712362363536587020743
65712362363548121426744
65712362363550428307944
65712362363631169149950
65712362363647317318351
65712362364212503212392
65712362364325540391200
65712362368281841649486
65712362369073101901143
65712362396767210709144
65712362402306032470744
65712362596164794126750
65712362634936546457951
65712363991947878049992
65712364263350144368400
65712373762429465512686
65712375662245329741543
65712442155800577751544
65712455454511627353544
65712920909398363423550
65713014000375710637551
65716272184582863127592
65716923821424293625600
65739731110874361055886
65744292568764374541943
65903943594914846553944
65935873800144940956344
67053430983198245040350
67276942419808905857151
76664422757456660162800
459986536544739960976801
459986536544739960976808
459986536544739960976809
459986536544739960976850
459986536544739960976858
459986536544739960977144
459986536544739960977201
459986536544739960979202
459986536544739960979602
459986536544739960993608
459986536544739960996409
459986536544739961094450
459986536544739961114058
459986536544739961800344
459986536544739961937601
459986536544739966741602
459986536544739967702402
459986536544740001330408
459986536544740008056009
459986536544740243452050
459986536544740290531258
459986536544741938303544
459986536544742267858001
459986536544753802264002
459986536544756109145202
459986536544836849987208
459986536544852998155609
459986536545418184049650
459986536545531221228458
459986536549487522486744
459986536550278782738401
459986536577972891546402
459986536583511713308002
459986536777370474964008
459986536816142227295209
459986538173153558887250
459986538444555825205658
459986547943635146349944
459986549843451010578801
459986616337006258588802
459986629635717308190802
459987095090604044260808
459987188181581391474809
459990446365788543964850
459991098002629974462858
460013905292080041893144
460018466749970055379201
460178117776120527391202
460210047981350621793602
461327605164403925877608
461551116601014586694409
469374016882387715282450
470938596938662341000058
536650959302196621139601
3219905755813179726837607
3219905755813179726837614
3219905755813179726837615
3219905755813179726837656
3219905755813179726837664
3219905755813179726837950
3219905755813179726838007
3219905755813179726840008
3219905755813179726840408
3219905755813179726854414
3219905755813179726857215
3219905755813179726955256
3219905755813179726974864
3219905755813179727661150
3219905755813179727798407
3219905755813179732602408
3219905755813179733563208
3219905755813179767191214
3219905755813179773916815
3219905755813180009312856
3219905755813180056392064
3219905755813181704164350
3219905755813182033718807
3219905755813193568124808
3219905755813195875006008
3219905755813276615848014
3219905755813292764016415
3219905755813857949910456
3219905755813970987089264
3219905755817927288347550
3219905755818718548599207
3219905755846412657407208
3219905755851951479168808
3219905756045810240824814
3219905756084581993156015
3219905757441593324748056
3219905757712995591066464
3219905767212074912210750
3219905769111890776439607
3219905835605446024449608
3219905848904157074051608
3219906314359043810121614
3219906407450021157335615
3219909665634228309825656
3219910317271069740323664
3219933124560519807753950
3219937686018409821240007
3220097337044560293252008
3220129267249790387654408
3221246824432843691738414
3221470335869454352555215
3229293236150827481143256
3230857816207102106860864
3285618118176714006977150
3296570178570636387000407
3756556715115376347977208
22539340290692258087863249
22539340290692258087863256
22539340290692258087863257
22539340290692258087863298
22539340290692258087863306
22539340290692258087863592
22539340290692258087863649
22539340290692258087865650
22539340290692258087866050
22539340290692258087880056
22539340290692258087882857
22539340290692258087980898
22539340290692258088000506
22539340290692258088686792
22539340290692258088824049
22539340290692258093628050
22539340290692258094588850
22539340290692258128216856
22539340290692258134942457
22539340290692258370338498
22539340290692258417417706
22539340290692260065189992
22539340290692260394744449
22539340290692271929150450
22539340290692274236031650
22539340290692354976873656
22539340290692371125042057
22539340290692936310936098
22539340290693049348114906
22539340290697005649373192
22539340290697796909624849
22539340290725491018432850
22539340290731029840194450
22539340290924888601850456
22539340290963660354181657
22539340292320671685773698
22539340292592073952092106
22539340302091153273236392
22539340303990969137465249
22539340370484524385475250
22539340383783235435077250
22539340849238122171147256
22539340942329099518361257
22539344200513306670851298
22539344852150148101349306
22539367659439598168779592
22539372220897488182265649
22539531871923638654277650
22539563802128868748680050
22540681359311922052764056
22540904870748532713580857
22548727771029905842168898
22550292351086180467886506
22605052653055792368002792
22616004713449714748026049
22999326827236998048840050
23075991249994454709002850
26295897005807634435840457
157775382034845806615042743
157775382034845806615042750
157775382034845806615042751
157775382034845806615042792
157775382034845806615042800
157775382034845806615043086
157775382034845806615043143
157775382034845806615045144
157775382034845806615045544
157775382034845806615059550
157775382034845806615062351
157775382034845806615160392
157775382034845806615180000
157775382034845806615866286
157775382034845806616003543
157775382034845806620807544
157775382034845806621768344
157775382034845806655396350
157775382034845806662121951
157775382034845806897517992
157775382034845806944597200
157775382034845808592369486
157775382034845808921923943
157775382034845820456329944
157775382034845822763211144
157775382034845903504053150
157775382034845919652221551
157775382034846484838115592
157775382034846597875294400
157775382034850554176552686
157775382034851345436804343
157775382034879039545612344
157775382034884578367373944
157775382035078437129029950
157775382035117208881361151
157775382036474220212953192
157775382036745622479271600
157775382046244701800415886
157775382048144517664644743
157775382114638072912654744
157775382127936783962256744
157775382593391670698326750
157775382686482648045540751
157775385944666855198030792
157775386596303696628528800
157775409403593146695959086
157775413965051036709445143
157775573616077187181457144
157775605546282417275859544
157776723103465470579943550
157776946614902081240760351
157784769515183454369348392
157786334095239728995066000
157841094397209340895182286
157852046457603263275205543
158235368571390546576019544
158312032994148003236182344
160995287790658986341880350
161531938749961182963019951
184071279040653441050883200
1104427674243920646305299201
1104427674243920646305299208
1104427674243920646305299209
1104427674243920646305299250
1104427674243920646305299258
1104427674243920646305299544
1104427674243920646305299601
1104427674243920646305301602
1104427674243920646305302002
1104427674243920646305316008
1104427674243920646305318809
1104427674243920646305416850
1104427674243920646305436458
1104427674243920646306122744
1104427674243920646306260001
1104427674243920646311064002
1104427674243920646312024802
1104427674243920646345652808
1104427674243920646352378409
1104427674243920646587774450
1104427674243920646634853658
1104427674243920648282625944
1104427674243920648612180401
1104427674243920660146586402
1104427674243920662453467602
1104427674243920743194309608
1104427674243920759342478009
1104427674243921324528372050
1104427674243921437565550858
1104427674243925393866809144
1104427674243926185127060801
1104427674243953879235868802
1104427674243959418057630402
1104427674244153276819286408
1104427674244192048571617609
1104427674245549059903209650
1104427674245820462169528058
1104427674255319541490672344
1104427674257219357354901201
1104427674323712912602911202
1104427674337011623652513202
1104427674802466510388583208
1104427674895557487735797209
1104427678153741694888287250
1104427678805378536318785258
1104427701612667986386215544
1104427706174125876399701601
1104427865825152026871713602
1104427897755357256966116002
1104429015312540310270200008
1104429238823976920931016809
1104437061724258294059604850
1104438626304314568685322458
1104493386606284180585438744
1104504338666678102965462001
1104887660780465386266276002
1104964325203222842926438802
1107647579999733826032136808
1108184230959036022653276409
1126967014534612904393162450
1130723571249728280741139658
1288498953284574087356182401
7730993719707444524137094407
7730993719707444524137094414
7730993719707444524137094415
7730993719707444524137094456
7730993719707444524137094464
7730993719707444524137094750
7730993719707444524137094807
7730993719707444524137096808
7730993719707444524137097208
7730993719707444524137111214
7730993719707444524137114015
7730993719707444524137212056
7730993719707444524137231664
7730993719707444524137917950
7730993719707444524138055207
7730993719707444524142859208
7730993719707444524143820008
7730993719707444524177448014
7730993719707444524184173615
7730993719707444524419569656
7730993719707444524466648864
7730993719707444526114421150
7730993719707444526443975607
7730993719707444537978381608
7730993719707444540285262808
7730993719707444621026104814
7730993719707444637174273215
7730993719707445202360167256
7730993719707445315397346064
7730993719707449271698604350
7730993719707450062958856007
7730993719707477757067664008
7730993719707483295889425608
7730993719707677154651081614
7730993719707715926403412815
7730993719709072937735004856
7730993719709344340001323264
7730993719718843419322467550
7730993719720743235186696407
7730993719787236790434706408
7730993719800535501484308408
7730993720265990388220378414
7730993720359081365567592415
7730993723617265572720082456
7730993724268902414150580464
7730993747076191864218010750
7730993751637649754231496807
7730993911288675904703508808
7730993943218881134797911208
7730995060776064188101995214
7730995284287500798762812015
7731003107187782171891400056
7731004671767838446517117664
7731059432069808058417233950
7731070384130201980797257207
7731453706243989264098071208
7731530370666746720758234008
7734213625463257703863932014
7734750276422559900485071615
7753533059998136782224957656
7757289616713252158572934864
7888769101742290330752137150
7915064998748097965187977607
9019492672992018611493276808
54116956037952111668959660849
54116956037952111668959660856
54116956037952111668959660857
54116956037952111668959660898
54116956037952111668959660906
54116956037952111668959661192
54116956037952111668959661249
54116956037952111668959663250
54116956037952111668959663650
54116956037952111668959677656
54116956037952111668959680457
54116956037952111668959778498
54116956037952111668959798106
54116956037952111668960484392
54116956037952111668960621649
54116956037952111668965425650
54116956037952111668966386450
54116956037952111669000014456
54116956037952111669006740057
54116956037952111669242136098
54116956037952111669289215306
54116956037952111670936987592
54116956037952111671266542049
54116956037952111682800948050
54116956037952111685107829250
54116956037952111765848671256
54116956037952111781996839657
54116956037952112347182733698
54116956037952112460219912506
54116956037952116416521170792
54116956037952117207781422449
54116956037952144901890230450
54116956037952150440711992050
54116956037952344299473648056
54116956037952383071225979257
54116956037953740082557571298
54116956037954011484823889706
54116956037963510564145033992
54116956037965410380009262849
54116956038031903935257272850
54116956038045202646306874850
54116956038510657533042944856
54116956038603748510390158857
54116956041861932717542648898
54116956042513569558973146906
54116956065320859009040577192
54116956069882316899054063249
54116956229533343049526075250
54116956261463548279620477650
54116957379020731332924561656
54116957602532167943585378457
54116965425432449316713966498
54116966990012505591339684106
54117021750314475203239800392
54117032702374869125619823649
54117416024488656408920637650
54117492688911413865580800450
54120175943707924848686498456
54120712594667227045307638057
54139495378242803927047524098
54143251934957919303395501306
54274731419986957475574703592
54301027316992765110010544049
55221383712196032315264960050
55405454991236685756315843250
63136448710944130280452937657
378818692265664781682717625943
378818692265664781682717625950
378818692265664781682717625951
378818692265664781682717625992
378818692265664781682717626000
378818692265664781682717626286
378818692265664781682717626343
378818692265664781682717628344
378818692265664781682717628744
378818692265664781682717642750
378818692265664781682717645551
378818692265664781682717743592
378818692265664781682717763200
378818692265664781682718449486
378818692265664781682718586743
378818692265664781682723390744
378818692265664781682724351544
378818692265664781682757979550
378818692265664781682764705151
378818692265664781683000101192
378818692265664781683047180400
378818692265664781684694952686
378818692265664781685024507143
378818692265664781696558913144
378818692265664781698865794344
378818692265664781779606636350
378818692265664781795754804751
378818692265664782360940698792
378818692265664782473977877600
378818692265664786430279135886
378818692265664787221539387543
378818692265664814915648195544
378818692265664820454469957144
378818692265665014313231613150
378818692265665053084983944351
378818692265666410096315536392
378818692265666681498581854800
378818692265676180577902999086
378818692265678080393767227943
378818692265744573949015237944
378818692265757872660064839944
378818692266223327546800909950
378818692266316418524148123951
378818692269574602731300613992
378818692270226239572731112000
378818692293033529022798542286
378818692297594986912812028343
378818692457246013063284040344
378818692489176218293378442744
378818693606733401346682526750
378818693830244837957343343551
378818701653145119330471931592
378818703217725175605097649200
378818757978027145216997765486
378818768930087539139377788743
378819152252201326422678602744
378819228916624083879338765544
378821912171420594862444463550
378822448822379897059065603151
378841231605955473940805489192
378844988162670589317153466400
378976467647699627489332668686
379002763544705435123768509143
379923119939908702329022925144
380107191218949355770073808344
386549685985372226206854720350
387838184938656800294210902751
441955140976608911963170563600
2651730845859653471779023381601
2651730845859653471779023381608
2651730845859653471779023381609
2651730845859653471779023381650
2651730845859653471779023381658
2651730845859653471779023381944
2651730845859653471779023382001
2651730845859653471779023384002
2651730845859653471779023384402
2651730845859653471779023398408
2651730845859653471779023401209
2651730845859653471779023499250
2651730845859653471779023518858
2651730845859653471779024205144
2651730845859653471779024342401
2651730845859653471779029146402
2651730845859653471779030107202
2651730845859653471779063735208
2651730845859653471779070460809
2651730845859653471779305856850
2651730845859653471779352936058
2651730845859653471781000708344
2651730845859653471781330262801
2651730845859653471792864668802
2651730845859653471795171550002
2651730845859653471875912392008
2651730845859653471892060560409
2651730845859653472457246454450
2651730845859653472570283633258
2651730845859653476526584891544
2651730845859653477317845143201
2651730845859653505011953951202
2651730845859653510550775712802
2651730845859653704409537368808
2651730845859653743181289700009
2651730845859655100192621292050
2651730845859655371594887610458
2651730845859664870674208754744
2651730845859666770490072983601
2651730845859733264045320993602
2651730845859746562756370595602
2651730845860212017643106665608
2651730845860305108620453879609
2651730845863563292827606369650
2651730845864214929669036867658
2651730845887022219119104297944
2651730845891583677009117784001
2651730846051234703159589796002
2651730846083164908389684198402
2651730847200722091442988282408
2651730847424233528053649099209
2651730855247133809426777687250
2651730856811713865701403404858
2651730911572015835313303521144
2651730922524076229235683544401
2651731305846190016518984358402
2651731382510612773975644521202
2651734065765409284958750219208
2651734602416368587155371358809
2651753385199944164037111244850
2651757141756659279413459222058
2651888621241688317585638424344
2651914917138694125220074264801
2652835273533897392425328680802
2653019344812938045866379564002
2659461839579360916303160476008
2660750338532645490390516658409
2705847801897605583447983042450
2714867294570597602059476319258
3093685986836262383742193945201
18562115921017574302453163671207
18562115921017574302453163671214
18562115921017574302453163671215
18562115921017574302453163671256
18562115921017574302453163671264
18562115921017574302453163671550
18562115921017574302453163671607
18562115921017574302453163673608
18562115921017574302453163674008
18562115921017574302453163688014
18562115921017574302453163690815
18562115921017574302453163788856
18562115921017574302453163808464
18562115921017574302453164494750
18562115921017574302453164632007
18562115921017574302453169436008
18562115921017574302453170396808
18562115921017574302453204024814
18562115921017574302453210750415
18562115921017574302453446146456
18562115921017574302453493225664
18562115921017574302455140997950
18562115921017574302455470552407
18562115921017574302467004958408
18562115921017574302469311839608
18562115921017574302550052681614
18562115921017574302566200850015
18562115921017574303131386744056
18562115921017574303244423922864
18562115921017574307200725181150
18562115921017574307991985432807
18562115921017574335686094240808
18562115921017574341224916002408
18562115921017574535083677658414
18562115921017574573855429989615
18562115921017575930866761581656
18562115921017576202269027900064
18562115921017585701348349044350
18562115921017587601164213273207
18562115921017654094719461283208
18562115921017667393430510885208
18562115921018132848317246955214
18562115921018225939294594169215
18562115921021484123501746659256
18562115921022135760343177157264
18562115921044943049793244587550
18562115921049504507683258073607
18562115921209155533833730085608
18562115921241085739063824488008
18562115922358642922117128572014
18562115922582154358727789388815
18562115930405054640100917976856
18562115931969634696375543694464
18562115986729936665987443810750
18562115997681997059909823834007
18562116381004110847193124648008
18562116457668533604649784810808
18562119140923330115632890508814
18562119677574289417829511648415
18562138460357864994711251534456
18562142216914580110087599511664
18562273696399609148259778713950
18562299992296614955894214554407
18563220348691818223099468970408
18563404419970858876540519853608
18569846914737281746977300765614
18571135413690566321064656948015
18616232877055526414122123332056
18625252369728518432733616608864
18940934613283239084135881297150
19004071061994183214416334234807
21655801907853836686195357616408
129934811447123020117172145698449
129934811447123020117172145698456
129934811447123020117172145698457
129934811447123020117172145698498
129934811447123020117172145698506
129934811447123020117172145698792
129934811447123020117172145698849
129934811447123020117172145700850
129934811447123020117172145701250
129934811447123020117172145715256
129934811447123020117172145718057
129934811447123020117172145816098
129934811447123020117172145835706
129934811447123020117172146521992
129934811447123020117172146659249
129934811447123020117172151463250
129934811447123020117172152424050
129934811447123020117172186052056
129934811447123020117172192777657
129934811447123020117172428173698
129934811447123020117172475252906
129934811447123020117174123025192
129934811447123020117174452579649
129934811447123020117185986985650
129934811447123020117188293866850
129934811447123020117269034708856
129934811447123020117285182877257
129934811447123020117850368771298
129934811447123020117963405950106
129934811447123020121919707208392
129934811447123020122710967460049
129934811447123020150405076268050
129934811447123020155943898029650
129934811447123020349802659685656
129934811447123020388574412016857
129934811447123021745585743608898
129934811447123022016988009927306
129934811447123031516067331071592
129934811447123033415883195300449
129934811447123099909438443310450
129934811447123113208149492912450
129934811447123578663036228982456
129934811447123671754013576196457
129934811447126929938220728686498
129934811447127581575062159184506
129934811447150388864512226614792
129934811447154950322402240100849
129934811447314601348552712112850
129934811447346531553782806515250
129934811448464088736836110599256
129934811448687600173446771416057
129934811456510500454819900004098
129934811458075080511094525721706
129934811512835382480706425837992
129934811523787442874628805861249
129934811907109556661912106675250
129934811983773979419368766838050
129934814667028775930351872536056
129934815203679735232548493675657
129934833986463310809430233561698
129934837743020025924806581538906
129934969222505054962978760741192
129934995518402060770613196581649
129935915874797264037818450997650
129936099946076304691259501880850
129942542440842727561696282792856
129943830939796012135783638975257
129988928403160972228841105359298
129997947895833964247452598636106
130313630139388684898854863324392
130376766588099629029135316262049
132586542292982673588951169080050
133028497433959282500914339643650
151590613354976856803367503314857
909543680129861140820205019889143
909543680129861140820205019889150
909543680129861140820205019889151
909543680129861140820205019889192
909543680129861140820205019889200
909543680129861140820205019889486
909543680129861140820205019889543
909543680129861140820205019891544
909543680129861140820205019891944
909543680129861140820205019905950
909543680129861140820205019908751
909543680129861140820205020006792
909543680129861140820205020026400
909543680129861140820205020712686
909543680129861140820205020849943
909543680129861140820205025653944
909543680129861140820205026614744
909543680129861140820205060242750
909543680129861140820205066968351
909543680129861140820205302364392
909543680129861140820205349443600
909543680129861140820206997215886
909543680129861140820207326770343
909543680129861140820218861176344
909543680129861140820221168057544
909543680129861140820301908899550
909543680129861140820318057067951
909543680129861140820883242961992
909543680129861140820996280140800
909543680129861140824952581399086
909543680129861140825743841650743
909543680129861140853437950458744
909543680129861140858976772220344
909543680129861141052835533876350
909543680129861141091607286207551
909543680129861142448618617799592
909543680129861142720020884118000
909543680129861152219100205262286
909543680129861154118916069491143
909543680129861220612471317501144
909543680129861233911182367103144
909543680129861699366069103173150
909543680129861792457046450387151
909543680129865050641253602877192
909543680129865702278095033375200
909543680129888509567545100805486
909543680129893071025435114291543
909543680130052722051585586303544
909543680130084652256815680705944
909543680131202209439868984789950
909543680131425720876479645606751
909543680139248621157852774194792
909543680140813201214127399912400
909543680195573503183739300028686
909543680206525563577661680051943
909543680589847677364944980865944
909543680666512100122401641028744
909543683349766896633384746726750
909543683886417855935581367866351
909543702669201431512463107752392
909543706425758146627839455729600
909543837905243175666011634931886
909543864201140181473646070772343
909544784557535384740851325188344
909544968628814425394292376071544
909551411123580848264729156983550
909552699622534132838816513165951
909597797085899092931873979549992
909606816578572084950485472826800
909922498822126805601887737515086
909985635270837749732168190452743
912195410975720794291984043270744
912637366116697403203947213834344
928105796050878715122658183560350
931199482037714977506400377505551
1061134293484837997623572523204000
6366805760909027985741435139224001
6366805760909027985741435139224008
6366805760909027985741435139224009
6366805760909027985741435139224050
6366805760909027985741435139224058
6366805760909027985741435139224344
6366805760909027985741435139224401
6366805760909027985741435139226402
6366805760909027985741435139226802
6366805760909027985741435139240808
6366805760909027985741435139243609
6366805760909027985741435139341650
6366805760909027985741435139361258
6366805760909027985741435140047544
6366805760909027985741435140184801
6366805760909027985741435144988802
6366805760909027985741435145949602
6366805760909027985741435179577608
6366805760909027985741435186303209
6366805760909027985741435421699250
6366805760909027985741435468778458
6366805760909027985741437116550744
6366805760909027985741437446105201
6366805760909027985741448980511202
6366805760909027985741451287392402
6366805760909027985741532028234408
6366805760909027985741548176402809
6366805760909027985742113362296850
6366805760909027985742226399475658
6366805760909027985746182700733944
6366805760909027985746973960985601
6366805760909027985774668069793602
6366805760909027985780206891555202
6366805760909027985974065653211208
6366805760909027986012837405542409
6366805760909027987369848737134450
6366805760909027987641251003452858
6366805760909027997140330324597144
6366805760909027999040146188826001
6366805760909028065533701436836002
6366805760909028078832412486438002
6366805760909028544287299222508008
6366805760909028637378276569722009
6366805760909031895562483722212050
6366805760909032547199325152710058
6366805760909055354488775220140344
6366805760909059915946665233626401
6366805760909219566972815705638402
6366805760909251497178045800040802
6366805760910369054361099104124808
6366805760910592565797709764941609
6366805760918415466079082893529650
6366805760919980046135357519247258
6366805760974740348104969419363544
6366805760985692408498891799386801
6366805761369014522286175100200802
6366805761445678945043631760363602
6366805764128933741554614866061608
6366805764665584700856811487201209
6366805783448368276433693227087250
6366805787204924991549069575064458
6366805918684410020587241754266744
6366805944980307026394876190107201
6366806865336702229662081444523202
6366807049407981270315522495406402
6366813491902747693185959276318408
6366814780401700977760046632500809
6366859877865065937853104098884850
6366868897357738929871715592161658
6367184579601293650523117856849944
6367247716050004594653398309787601
6369457491754887639213214162605602
6369899446895864248125177333169202
6385367876830045560043888302895208
6388461562816881822427630496840409
6496740572356151005858607284922450
6518396374264004842544802642538858
7427940054393865983365007662428001
44567640326363195900190045974568007
44567640326363195900190045974568014
44567640326363195900190045974568015
44567640326363195900190045974568056
44567640326363195900190045974568064
44567640326363195900190045974568350
44567640326363195900190045974568407
44567640326363195900190045974570408
44567640326363195900190045974570808
44567640326363195900190045974584814
44567640326363195900190045974587615
44567640326363195900190045974685656
44567640326363195900190045974705264
44567640326363195900190045975391550
44567640326363195900190045975528807
44567640326363195900190045980332808
44567640326363195900190045981293608
44567640326363195900190046014921614
44567640326363195900190046021647215
44567640326363195900190046257043256
44567640326363195900190046304122464
44567640326363195900190047951894750
44567640326363195900190048281449207
44567640326363195900190059815855208
44567640326363195900190062122736408
44567640326363195900190142863578414
44567640326363195900190159011746815
44567640326363195900190724197640856
44567640326363195900190837234819664
44567640326363195900194793536077950
44567640326363195900195584796329607
44567640326363195900223278905137608
44567640326363195900228817726899208
44567640326363195900422676488555214
44567640326363195900461448240886415
44567640326363195901818459572478456
44567640326363195902089861838796864
44567640326363195911588941159941150
44567640326363195913488757024170007
44567640326363195979982312272180008
44567640326363195993281023321782008
44567640326363196458735910057852014
44567640326363196551826887405066015
44567640326363199810011094557556056
44567640326363200461647935988054064
44567640326363223268937386055484350
44567640326363227830395276068970407
44567640326363387481421426540982408
44567640326363419411626656635384808
44567640326364536968809709939468814
44567640326364760480246320600285615
44567640326372583380527693728873656
44567640326374147960583968354591264
44567640326428908262553580254707550
44567640326439860322947502634730807
44567640326823182436734785935544808
44567640326899846859492242595707608
44567640329583101656003225701405614
44567640330119752615305422322545215
44567640348902536190882304062431256
44567640352659092905997680410408464
44567640484138577935035852589610750
44567640510434474940843487025451207
44567641430790870144110692279867208
44567641614862149184764133330750408
44567648057356915607634570111662414
44567649345855868892208657467844815
44567694443319233852301714934228856
44567703462811906844320326427505664
44568019145055461564971728692193950
44568082281504172509102009145131607
44570292057209055553661824997949608
44570734012350032162573788168513208
44586202442284213474492499138239214
44589296128271049736876241332184415
44697575137810318920307218120266456
44719230939718172756993413477882864
45477184006493057041010250994457150
45628774619848033897813618497772007
51995580380757061883555053636996008
311973482284542371301330321821976049
311973482284542371301330321821976056
311973482284542371301330321821976057
311973482284542371301330321821976098
311973482284542371301330321821976106
311973482284542371301330321821976392
311973482284542371301330321821976449
311973482284542371301330321821978450
311973482284542371301330321821978850
311973482284542371301330321821992856
311973482284542371301330321821995657
311973482284542371301330321822093698
311973482284542371301330321822113306
311973482284542371301330321822799592
311973482284542371301330321822936849
311973482284542371301330321827740850
311973482284542371301330321828701650
311973482284542371301330321862329656
311973482284542371301330321869055257
311973482284542371301330322104451298
311973482284542371301330322151530506
311973482284542371301330323799302792
311973482284542371301330324128857249
311973482284542371301330335663263250
311973482284542371301330337970144450
311973482284542371301330418710986456
311973482284542371301330434859154857
311973482284542371301331000045048898
311973482284542371301331113082227706
311973482284542371301335069383485992
311973482284542371301335860643737649
311973482284542371301363554752545650
311973482284542371301369093574307250
311973482284542371301562952335963256
311973482284542371301601724088294457
311973482284542371302958735419886498
311973482284542371303230137686204906
311973482284542371312729217007349192
311973482284542371314629032871578049
311973482284542371381122588119588050
311973482284542371394421299169190050
311973482284542371859876185905260056
311973482284542371952967163252474057
311973482284542375211151370404964098
311973482284542375862788211835462106
311973482284542398670077661902892392
311973482284542403231535551916378449
311973482284542562882561702388390450
311973482284542594812766932482792850
311973482284543712369949985786876856
311973482284543935881386596447693657
311973482284551758781667969576281698
311973482284553323361724244201999306
311973482284608083663693856102115592
311973482284619035724087778482138849
311973482285002357837875061782952850
311973482285079022260632518443115650
311973482287762277057143501548813656
311973482288298928016445698169953257
311973482307081711592022579909839298
311973482310838268307137956257816506
311973482442317753336176128437018792
311973482468613650341983762872859249
311973483388970045545250968127275250
311973483573041324585904409178158450
311973490015536091008774845959070456
311973491304035044293348933315252857
311973536401498409253441990781636898
311973545420991082245460602274913706
311973861103234636966112004539601992
311973924239683347910242284992539649
311976134015388230954802100845357650
311976575970529207563714064015921250
311992044400463388875632774985647256
311995138086450225138016517179592457
312103417095989494321447493967674498
312125072897897348158133689325290906
312883025964672232442150526841865192
313034616578027209298953894345180049
318340288045451399287071756961200050
319401422338936237284695329484404050
363969062665299433184885375458972057
2183814375991796599109312252753832343
2183814375991796599109312252753832350
2183814375991796599109312252753832351
2183814375991796599109312252753832392
2183814375991796599109312252753832400
2183814375991796599109312252753832686
2183814375991796599109312252753832743
2183814375991796599109312252753834744
2183814375991796599109312252753835144
2183814375991796599109312252753849150
2183814375991796599109312252753851951
2183814375991796599109312252753949992
2183814375991796599109312252753969600
2183814375991796599109312252754655886
2183814375991796599109312252754793143
2183814375991796599109312252759597144
2183814375991796599109312252760557944
2183814375991796599109312252794185950
2183814375991796599109312252800911551
2183814375991796599109312253036307592
2183814375991796599109312253083386800
2183814375991796599109312254731159086
2183814375991796599109312255060713543
2183814375991796599109312266595119544
2183814375991796599109312268902000744
2183814375991796599109312349642842750
2183814375991796599109312365791011151
2183814375991796599109312930976905192
2183814375991796599109313044014084000
2183814375991796599109317000315342286
2183814375991796599109317791575593943
2183814375991796599109345485684401944
2183814375991796599109351024506163544
2183814375991796599109544883267819550
2183814375991796599109583655020150751
2183814375991796599110940666351742792
2183814375991796599111212068618061200
2183814375991796599120711147939205486
2183814375991796599122610963803434343
2183814375991796599189104519051444344
2183814375991796599202403230101046344
2183814375991796599667858116837116350
2183814375991796599760949094184330351
2183814375991796603019133301336820392
2183814375991796603670770142767318400
2183814375991796626478059592834748686
2183814375991796631039517482848234743
2183814375991796790690543633320246744
2183814375991796822620748863414649144
2183814375991797940177931916718733150
2183814375991798163689368527379549951
2183814375991805986589649900508137992
2183814375991807551169706175133855600
2183814375991862311471675787033971886
2183814375991873263532069709413995143
2183814375992256585645856992714809144
2183814375992333250068614449374971944
2183814375995016504865125432480669950
2183814375995553155824427629101809551
2183814376014335939400004510841695592
2183814376018092496115119887189672800
2183814376149571981144158059368875086
2183814376175867878149965693804715543
2183814377096224273353232899059131544
2183814377280295552393886340110014744
2183814383722790318816756776890926750
2183814385011289272101330864247109151
2183814430108752637061423921713493192
2183814439128245310053442533206770000
2183814754810488864774093935471458286
2183814817946937575718224215924395943
2183817027722642458762784031777213944
2183817469677783435371695994947777544
2183832938107717616683614705917503550
2183836031793704452945998448111448751
2183944310803243722129429424899530792
2183965966605151575966115620257147200
2184723919671926460250132457773721486
2184875510285281437106935825277036343
2190181181752705627095053687893056344
2191242316046190465092677260416260344
2228382016318159795009502298728400350
2235809956372553660992867306390828351
2547783438657096032294197628212804400
15286700631942576193765185769276826401
15286700631942576193765185769276826408
15286700631942576193765185769276826409
15286700631942576193765185769276826450
15286700631942576193765185769276826458
15286700631942576193765185769276826744
15286700631942576193765185769276826801
15286700631942576193765185769276828802
15286700631942576193765185769276829202
15286700631942576193765185769276843208
15286700631942576193765185769276846009
15286700631942576193765185769276944050
15286700631942576193765185769276963658
15286700631942576193765185769277649944
15286700631942576193765185769277787201
15286700631942576193765185769282591202
15286700631942576193765185769283552002
15286700631942576193765185769317180008
15286700631942576193765185769323905609
15286700631942576193765185769559301650
15286700631942576193765185769606380858
15286700631942576193765185771254153144
15286700631942576193765185771583707601
15286700631942576193765185783118113602
15286700631942576193765185785424994802
15286700631942576193765185866165836808
15286700631942576193765185882314005209
15286700631942576193765186447499899250
15286700631942576193765186560537078058
15286700631942576193765190516838336344
15286700631942576193765191308098588001
15286700631942576193765219002207396002
15286700631942576193765224541029157602
15286700631942576193765418399790813608
15286700631942576193765457171543144809
15286700631942576193766814182874736850
15286700631942576193767085585141055258
15286700631942576193776584664462199544
15286700631942576193778484480326428401
15286700631942576193844978035574438402
15286700631942576193858276746624040402
15286700631942576194323731633360110408
15286700631942576194416822610707324409
15286700631942576197675006817859814450
15286700631942576198326643659290312458
15286700631942576221133933109357742744
15286700631942576225695390999371228801
15286700631942576385346417149843240802
15286700631942576417276622379937643202
15286700631942577534833805433241727208
15286700631942577758345242043902544009
15286700631942585581245523417031132050
15286700631942587145825579691656849658
15286700631942641906127549303556965944
15286700631942652858187943225936989201
15286700631943036180301730509237803202
15286700631943112844724487965897966002
15286700631945796099520998949003664008
15286700631946332750480301145624803609
15286700631965115534055878027364689650
15286700631968872090770993403712666858
15286700632100351575800031575891869144
15286700632126647472805839210327709601
15286700633047003868009106415582125602
15286700633231075147049759856633008802
15286700639673569913472630293413920808
15286700640962068866757204380770103209
15286700686059532231717297438236487250
15286700695079024904709316049729764058
15286701010761268459429967451994452344
15286701073897717170374097732447390001
15286703283673422053418657548300208002
15286703725628563030027569511470771602
15286719194058497211339488222440497608
15286722287744484047601871964634442809
15286830566754023316785302941422524850
15286852222555931170621989136780141258
15287610175622706054906005974296715544
15287761766236061031762809341800030401
15293067437703485221750927204416050402
15294128571996970059748550776939254402
15331268272268939389665375815251394408
15338696212323333255648740822913822409
15598674114227118565066516091098802450
15650669694607875626950071144735798458
17834484070599672226059383397489630801
107006904423598033356356300384937784807
107006904423598033356356300384937784814
107006904423598033356356300384937784815
107006904423598033356356300384937784856
107006904423598033356356300384937784864
107006904423598033356356300384937785150
107006904423598033356356300384937785207
107006904423598033356356300384937787208
107006904423598033356356300384937787608
107006904423598033356356300384937801614
107006904423598033356356300384937804415
107006904423598033356356300384937902456
107006904423598033356356300384937922064
107006904423598033356356300384938608350
107006904423598033356356300384938745607
107006904423598033356356300384943549608
107006904423598033356356300384944510408
107006904423598033356356300384978138414
107006904423598033356356300384984864015
107006904423598033356356300385220260056
107006904423598033356356300385267339264
107006904423598033356356300386915111550
107006904423598033356356300387244666007
107006904423598033356356300398779072008
107006904423598033356356300401085953208
107006904423598033356356300481826795214
107006904423598033356356300497974963615
107006904423598033356356301063160857656
107006904423598033356356301176198036464
107006904423598033356356305132499294750
107006904423598033356356305923759546407
107006904423598033356356333617868354408
107006904423598033356356339156690116008
107006904423598033356356533015451772014
107006904423598033356356571787204103215
107006904423598033356357928798535695256
107006904423598033356358200200802013664
107006904423598033356367699280123157950
107006904423598033356369599095987386807
107006904423598033356436092651235396808
107006904423598033356449391362284998808
107006904423598033356914846249021068814
107006904423598033357007937226368282815
107006904423598033360266121433520772856
107006904423598033360917758274951270864
107006904423598033383725047725018701150
107006904423598033388286505615032187207
107006904423598033547937531765504199208
107006904423598033579867736995598601608
107006904423598034697424920048902685614
107006904423598034920936356659563502415
107006904423598042743836638032692090456
107006904423598044308416694307317808064
107006904423598099068718663919217924350
107006904423598110020779057841597947607
107006904423598493342892845124898761608
107006904423598570007315602581558924408
107006904423601253262112113564664622414
107006904423601789913071415761285762015
107006904423620572696646992643025648056
107006904423624329253362108019373625264
107006904423755808738391146191552827550
107006904423782104635396953825988668007
107006904424702461030600221031243084008
107006904424886532309640874472293967208
107006904431329027076063744909074879214
107006904432617526029348318996431061615
107006904477714989394308412053897445656
107006904486734482067300430665390722464
107006904802416725622021082067655410750
107006904865553174332965212348108348407
107006907075328879216009772163961166408
107006907517284020192618684127131730008
107006922985713954373930602838101456014
107006926079399941210192986580295401215
107007034358409480479376417557083483256
107007056014211388333213103752441099664
107007813967278163217497120589957673950
107007965557891518194353923957460988807
107013271229358942384342041820077008808
107014332363652427222339665392600212808
107051472063924396552256490430912352814
107058900003978790418239855438574780815
107318877905882575727657630706759760856
107370873486263332789541185760396756864
109190718799589829955465612637691617150
109554687862255129388650498013150589207
124841388494197705582415683782427415608
