49
50
2401
2450
117649
117698
120050
5764801
5764850
5767202
5882450
282475249
282475298
282477650
282592898
288240050
13841287201
13841287250
13841289602
13841404850
13847052002
14123762450
678223072849
678223072898
678223075250
678223190498
678228837650
678505548098
692064360050
33232930569601
33232930569650
33232930572002
33232930687250
33232936334402
33233213044850
33246771856802
33911153642450
1628413597910449
1628413597910498
1628413597912850
1628413598028098
1628413603675250
1628413880385698
1628427439197650
1629091820983298
1661646528480050
79792266297612001
79792266297612050
79792266297614402
79792266297729650
79792266303376802
79792266580087250
79792280138899202
79792944520684850
79825499228181602
81420679895522450
3909821048582988049
3909821048582988098
3909821048582990450
3909821048583105698
3909821048588752850
3909821048865463298
3909821062424275250
3909821726806060898
3909854281513557650
3911449462180898498
3989613314880600050
191581231380566414401
191581231380566414450
191581231380566416802
191581231380566532050
191581231380572179202
191581231380848889650
191581231394407701602
191581232058789487250
191581264613496984002
191582859794164324850
191661023646864026402
195491052429149402450
9387480337647754305649
9387480337647754305698
9387480337647754308050
9387480337647754423298
9387480337647760070450
9387480337648036780898
9387480337661595592850
9387480338325977378498
9387480370880684875250
9387481966061352216098
9387560129914051917650
9391390158696337293698
9579061569028320720050
459986536544739960976801
459986536544739960976850
459986536544739960979202
459986536544739961094450
459986536544739966741602
459986536544740243452050
459986536544753802264002
459986536545418184049650
459986536577972891546402
459986538173153558887250
459986616337006258588802
459990446365788543964850
460178117776120527391202
469374016882387715282450
22539340290692258087863249
22539340290692258087863298
22539340290692258087865650
22539340290692258087980898
22539340290692258093628050
22539340290692258370338498
22539340290692271929150450
22539340290692936310936098
22539340290725491018432850
22539340292320671685773698
22539340370484524385475250
22539344200513306670851298
22539531871923638654277650
22548727771029905842168898
22999326827236998048840050
1104427674243920646305299201
1104427674243920646305299250
1104427674243920646305301602
1104427674243920646305416850
1104427674243920646311064002
1104427674243920646587774450
1104427674243920660146586402
1104427674243921324528372050
1104427674243953879235868802
1104427674245549059903209650
1104427674323712912602911202
1104427678153741694888287250
1104427865825152026871713602
1104437061724258294059604850
1104887660780465386266276002
1126967014534612904393162450
54116956037952111668959660849
54116956037952111668959660898
54116956037952111668959663250
54116956037952111668959778498
54116956037952111668965425650
54116956037952111669242136098
54116956037952111682800948050
54116956037952112347182733698
54116956037952144901890230450
54116956037953740082557571298
54116956038031903935257272850
54116956041861932717542648898
54116956229533343049526075250
54116965425432449316713966498
54117416024488656408920637650
54139495378242803927047524098
55221383712196032315264960050
2651730845859653471779023381601
2651730845859653471779023381650
2651730845859653471779023384002
2651730845859653471779023499250
2651730845859653471779029146402
2651730845859653471779305856850
2651730845859653471792864668802
2651730845859653472457246454450
2651730845859653505011953951202
2651730845859655100192621292050
2651730845859733264045320993602
2651730845863563292827606369650
2651730846051234703159589796002
2651730855247133809426777687250
2651731305846190016518984358402
2651753385199944164037111244850
2652835273533897392425328680802
2705847801897605583447983042450
129934811447123020117172145698449
129934811447123020117172145698498
129934811447123020117172145700850
129934811447123020117172145816098
129934811447123020117172151463250
129934811447123020117172428173698
129934811447123020117185986985650
129934811447123020117850368771298
129934811447123020150405076268050
129934811447123021745585743608898
129934811447123099909438443310450
129934811447126929938220728686498
129934811447314601348552712112850
129934811456510500454819900004098
129934811907109556661912106675250
129934833986463310809430233561698
129935915874797264037818450997650
129988928403160972228841105359298
132586542292982673588951169080050
6366805760909027985741435139224001
6366805760909027985741435139224050
6366805760909027985741435139226402
6366805760909027985741435139341650
6366805760909027985741435144988802
6366805760909027985741435421699250
6366805760909027985741448980511202
6366805760909027985742113362296850
6366805760909027985774668069793602
6366805760909027987369848737134450
6366805760909028065533701436836002
6366805760909031895562483722212050
6366805760909219566972815705638402
6366805760918415466079082893529650
6366805761369014522286175100200802
6366805783448368276433693227087250
6366806865336702229662081444523202
6366859877865065937853104098884850
6369457491754887639213214162605602
6496740572356151005858607284922450
311973482284542371301330321821976049
311973482284542371301330321821976098
311973482284542371301330321821978450
311973482284542371301330321822093698
311973482284542371301330321827740850
311973482284542371301330322104451298
311973482284542371301330335663263250
311973482284542371301331000045048898
311973482284542371301363554752545650
311973482284542371302958735419886498
311973482284542371381122588119588050
311973482284542375211151370404964098
311973482284542562882561702388390450
311973482284551758781667969576281698
311973482285002357837875061782952850
311973482307081711592022579909839298
311973483388970045545250968127275250
311973536401498409253441990781636898
311976134015388230954802100845357650
312103417095989494321447493967674498
318340288045451399287071756961200050
15286700631942576193765185769276826401
15286700631942576193765185769276826450
15286700631942576193765185769276828802
15286700631942576193765185769276944050
15286700631942576193765185769282591202
15286700631942576193765185769559301650
15286700631942576193765185783118113602
15286700631942576193765186447499899250
15286700631942576193765219002207396002
15286700631942576193766814182874736850
15286700631942576193844978035574438402
15286700631942576197675006817859814450
15286700631942576385346417149843240802
15286700631942585581245523417031132050
15286700631943036180301730509237803202
15286700631965115534055878027364689650
15286700633047003868009106415582125602
15286700686059532231717297438236487250
15286703283673422053418657548300208002
15286830566754023316785302941422524850
15293067437703485221750927204416050402
15598674114227118565066516091098802450
