400
421
8000
8020
8021
8421
160000
160020
160021
160400
160421
168421
3200000
3200020
3200021
3200400
3200421
3208000
3208421
3368421
64000000
64000020
64000021
64000400
64000421
64008000
64008421
64160000
64168421
67368421
1280000000
1280000020
1280000021
1280000400
1280000421
1280008000
1280008421
1280160000
1280168421
1283200000
1283368421
1347368421
25600000000
25600000020
25600000021
25600000400
25600000421
25600008000
25600008421
25600160000
25600168421
25603200000
25603368421
25664000000
25667368421
26947368421
512000000000
512000000020
512000000021
512000000400
512000000421
512000008000
512000008421
512000160000
512000168421
512003200000
512003368421
512064000000
512067368421
513280000000
513347368421
538947368421
10240000000000
10240000000020
10240000000021
10240000000400
10240000000421
10240000008000
10240000008421
10240000160000
10240000168421
10240003200000
10240003368421
10240064000000
10240067368421
10241280000000
10241347368421
10265600000000
10266947368421
10778947368421
204800000000000
204800000000020
204800000000021
204800000000400
204800000000421
204800000008000
204800000008421
204800000160000
204800000168421
204800003200000
204800003368421
204800064000000
204800067368421
204801280000000
204801347368421
204825600000000
204826947368421
205312000000000
205338947368421
215578947368421
4096000000000000
4096000000000020
4096000000000021
4096000000000400
4096000000000421
4096000000008000
4096000000008421
4096000000160000
4096000000168421
4096000003200000
4096000003368421
4096000064000000
4096000067368421
4096001280000000
4096001347368421
4096025600000000
4096026947368421
4096512000000000
4096538947368421
4106240000000000
4106778947368421
4311578947368421
81920000000000000
81920000000000020
81920000000000021
81920000000000400
81920000000000421
81920000000008000
81920000000008421
81920000000160000
81920000000168421
81920000003200000
81920000003368421
81920000064000000
81920000067368421
81920001280000000
81920001347368421
81920025600000000
81920026947368421
81920512000000000
81920538947368421
81930240000000000
81930778947368421
82124800000000000
82135578947368421
86231578947368421
1638400000000000000
1638400000000000020
1638400000000000021
1638400000000000400
1638400000000000421
1638400000000008000
1638400000000008421
1638400000000160000
1638400000000168421
1638400000003200000
1638400000003368421
1638400000064000000
1638400000067368421
1638400001280000000
1638400001347368421
1638400025600000000
1638400026947368421
1638400512000000000
1638400538947368421
1638410240000000000
1638410778947368421
1638604800000000000
1638615578947368421
1642496000000000000
1642711578947368421
1724631578947368421
32768000000000000000
32768000000000000020
32768000000000000021
32768000000000000400
32768000000000000421
32768000000000008000
32768000000000008421
32768000000000160000
32768000000000168421
32768000000003200000
32768000000003368421
32768000000064000000
32768000000067368421
32768000001280000000
32768000001347368421
32768000025600000000
32768000026947368421
32768000512000000000
32768000538947368421
32768010240000000000
32768010778947368421
32768204800000000000
32768215578947368421
32772096000000000000
32772311578947368421
32849920000000000000
32854231578947368421
34492631578947368421
655360000000000000000
655360000000000000020
655360000000000000021
655360000000000000400
655360000000000000421
655360000000000008000
655360000000000008421
655360000000000160000
655360000000000168421
655360000000003200000
655360000000003368421
655360000000064000000
655360000000067368421
655360000001280000000
655360000001347368421
655360000025600000000
655360000026947368421
655360000512000000000
655360000538947368421
655360010240000000000
655360010778947368421
655360204800000000000
655360215578947368421
655364096000000000000
655364311578947368421
655441920000000000000
655446231578947368421
656998400000000000000
657084631578947368421
689852631578947368421
13107200000000000000000
13107200000000000000020
13107200000000000000021
13107200000000000000400
13107200000000000000421
13107200000000000008000
13107200000000000008421
13107200000000000160000
13107200000000000168421
13107200000000003200000
13107200000000003368421
13107200000000064000000
13107200000000067368421
13107200000001280000000
13107200000001347368421
13107200000025600000000
13107200000026947368421
13107200000512000000000
13107200000538947368421
13107200010240000000000
13107200010778947368421
13107200204800000000000
13107200215578947368421
13107204096000000000000
13107204311578947368421
13107281920000000000000
13107286231578947368421
13108838400000000000000
13108924631578947368421
13139968000000000000000
13141692631578947368421
13797052631578947368421
262144000000000000000000
262144000000000000000020
262144000000000000000021
262144000000000000000400
262144000000000000000421
262144000000000000008000
262144000000000000008421
262144000000000000160000
262144000000000000168421
262144000000000003200000
262144000000000003368421
262144000000000064000000
262144000000000067368421
262144000000001280000000
262144000000001347368421
262144000000025600000000
262144000000026947368421
262144000000512000000000
262144000000538947368421
262144000010240000000000
262144000010778947368421
262144000204800000000000
262144000215578947368421
262144004096000000000000
262144004311578947368421
262144081920000000000000
262144086231578947368421
262145638400000000000000
262145724631578947368421
262176768000000000000000
262178492631578947368421
262799360000000000000000
262833852631578947368421
275941052631578947368421
5242880000000000000000000
5242880000000000000000020
5242880000000000000000021
5242880000000000000000400
5242880000000000000000421
5242880000000000000008000
5242880000000000000008421
5242880000000000000160000
5242880000000000000168421
5242880000000000003200000
5242880000000000003368421
5242880000000000064000000
5242880000000000067368421
5242880000000001280000000
5242880000000001347368421
5242880000000025600000000
5242880000000026947368421
5242880000000512000000000
5242880000000538947368421
5242880000010240000000000
5242880000010778947368421
5242880000204800000000000
5242880000215578947368421
5242880004096000000000000
5242880004311578947368421
5242880081920000000000000
5242880086231578947368421
5242881638400000000000000
5242881724631578947368421
5242912768000000000000000
5242914492631578947368421
5243535360000000000000000
5243569852631578947368421
5255987200000000000000000
5256677052631578947368421
5518821052631578947368421
104857600000000000000000000
104857600000000000000000020
104857600000000000000000021
104857600000000000000000400
104857600000000000000000421
104857600000000000000008000
104857600000000000000008421
104857600000000000000160000
104857600000000000000168421
104857600000000000003200000
104857600000000000003368421
104857600000000000064000000
104857600000000000067368421
104857600000000001280000000
104857600000000001347368421
104857600000000025600000000
104857600000000026947368421
104857600000000512000000000
104857600000000538947368421
104857600000010240000000000
104857600000010778947368421
104857600000204800000000000
104857600000215578947368421
104857600004096000000000000
104857600004311578947368421
104857600081920000000000000
104857600086231578947368421
104857601638400000000000000
104857601724631578947368421
104857632768000000000000000
104857634492631578947368421
104858255360000000000000000
104858289852631578947368421
104870707200000000000000000
104871397052631578947368421
105119744000000000000000000
105133541052631578947368421
110376421052631578947368421
2097152000000000000000000000
2097152000000000000000000020
2097152000000000000000000021
2097152000000000000000000400
2097152000000000000000000421
2097152000000000000000008000
2097152000000000000000008421
2097152000000000000000160000
2097152000000000000000168421
2097152000000000000003200000
2097152000000000000003368421
2097152000000000000064000000
2097152000000000000067368421
2097152000000000001280000000
2097152000000000001347368421
2097152000000000025600000000
2097152000000000026947368421
2097152000000000512000000000
2097152000000000538947368421
2097152000000010240000000000
2097152000000010778947368421
2097152000000204800000000000
2097152000000215578947368421
2097152000004096000000000000
2097152000004311578947368421
2097152000081920000000000000
2097152000086231578947368421
2097152001638400000000000000
2097152001724631578947368421
2097152032768000000000000000
2097152034492631578947368421
2097152655360000000000000000
2097152689852631578947368421
2097165107200000000000000000
2097165797052631578947368421
2097414144000000000000000000
2097427941052631578947368421
2102394880000000000000000000
2102670821052631578947368421
2207528421052631578947368421
41943040000000000000000000000
41943040000000000000000000020
41943040000000000000000000021
41943040000000000000000000400
41943040000000000000000000421
41943040000000000000000008000
41943040000000000000000008421
41943040000000000000000160000
41943040000000000000000168421
41943040000000000000003200000
41943040000000000000003368421
41943040000000000000064000000
41943040000000000000067368421
41943040000000000001280000000
41943040000000000001347368421
41943040000000000025600000000
41943040000000000026947368421
41943040000000000512000000000
41943040000000000538947368421
41943040000000010240000000000
41943040000000010778947368421
41943040000000204800000000000
41943040000000215578947368421
41943040000004096000000000000
41943040000004311578947368421
41943040000081920000000000000
41943040000086231578947368421
41943040001638400000000000000
41943040001724631578947368421
41943040032768000000000000000
41943040034492631578947368421
41943040655360000000000000000
41943040689852631578947368421
41943053107200000000000000000
41943053797052631578947368421
41943302144000000000000000000
41943315941052631578947368421
41948282880000000000000000000
41948558821052631578947368421
42047897600000000000000000000
42053416421052631578947368421
44150568421052631578947368421
838860800000000000000000000000
838860800000000000000000000020
838860800000000000000000000021
838860800000000000000000000400
838860800000000000000000000421
838860800000000000000000008000
838860800000000000000000008421
838860800000000000000000160000
838860800000000000000000168421
838860800000000000000003200000
838860800000000000000003368421
838860800000000000000064000000
838860800000000000000067368421
838860800000000000001280000000
838860800000000000001347368421
838860800000000000025600000000
838860800000000000026947368421
838860800000000000512000000000
838860800000000000538947368421
838860800000000010240000000000
838860800000000010778947368421
838860800000000204800000000000
838860800000000215578947368421
838860800000004096000000000000
838860800000004311578947368421
838860800000081920000000000000
838860800000086231578947368421
838860800001638400000000000000
838860800001724631578947368421
838860800032768000000000000000
838860800034492631578947368421
838860800655360000000000000000
838860800689852631578947368421
838860813107200000000000000000
838860813797052631578947368421
838861062144000000000000000000
838861075941052631578947368421
838866042880000000000000000000
838866318821052631578947368421
838965657600000000000000000000
838971176421052631578947368421
840957952000000000000000000000
841068328421052631578947368421
883011368421052631578947368421
16777216000000000000000000000000
16777216000000000000000000000020
16777216000000000000000000000021
16777216000000000000000000000400
16777216000000000000000000000421
16777216000000000000000000008000
16777216000000000000000000008421
16777216000000000000000000160000
16777216000000000000000000168421
16777216000000000000000003200000
16777216000000000000000003368421
16777216000000000000000064000000
16777216000000000000000067368421
16777216000000000000001280000000
16777216000000000000001347368421
16777216000000000000025600000000
16777216000000000000026947368421
16777216000000000000512000000000
16777216000000000000538947368421
16777216000000000010240000000000
16777216000000000010778947368421
16777216000000000204800000000000
16777216000000000215578947368421
16777216000000004096000000000000
16777216000000004311578947368421
16777216000000081920000000000000
16777216000000086231578947368421
16777216000001638400000000000000
16777216000001724631578947368421
16777216000032768000000000000000
16777216000034492631578947368421
16777216000655360000000000000000
16777216000689852631578947368421
16777216013107200000000000000000
16777216013797052631578947368421
16777216262144000000000000000000
16777216275941052631578947368421
16777221242880000000000000000000
16777221518821052631578947368421
16777320857600000000000000000000
16777326376421052631578947368421
16779313152000000000000000000000
16779423528421052631578947368421
16819159040000000000000000000000
16821366568421052631578947368421
17660227368421052631578947368421
335544320000000000000000000000000
335544320000000000000000000000020
335544320000000000000000000000021
335544320000000000000000000000400
335544320000000000000000000000421
335544320000000000000000000008000
335544320000000000000000000008421
335544320000000000000000000160000
335544320000000000000000000168421
335544320000000000000000003200000
335544320000000000000000003368421
335544320000000000000000064000000
335544320000000000000000067368421
335544320000000000000001280000000
335544320000000000000001347368421
335544320000000000000025600000000
335544320000000000000026947368421
335544320000000000000512000000000
335544320000000000000538947368421
335544320000000000010240000000000
335544320000000000010778947368421
335544320000000000204800000000000
335544320000000000215578947368421
335544320000000004096000000000000
335544320000000004311578947368421
335544320000000081920000000000000
335544320000000086231578947368421
335544320000001638400000000000000
335544320000001724631578947368421
335544320000032768000000000000000
335544320000034492631578947368421
335544320000655360000000000000000
335544320000689852631578947368421
335544320013107200000000000000000
335544320013797052631578947368421
335544320262144000000000000000000
335544320275941052631578947368421
335544325242880000000000000000000
335544325518821052631578947368421
335544424857600000000000000000000
335544430376421052631578947368421
335546417152000000000000000000000
335546527528421052631578947368421
335586263040000000000000000000000
335588470568421052631578947368421
336383180800000000000000000000000
336427331368421052631578947368421
353204547368421052631578947368421
6710886400000000000000000000000000
6710886400000000000000000000000020
6710886400000000000000000000000021
6710886400000000000000000000000400
6710886400000000000000000000000421
6710886400000000000000000000008000
6710886400000000000000000000008421
6710886400000000000000000000160000
6710886400000000000000000000168421
6710886400000000000000000003200000
6710886400000000000000000003368421
6710886400000000000000000064000000
6710886400000000000000000067368421
6710886400000000000000001280000000
6710886400000000000000001347368421
6710886400000000000000025600000000
6710886400000000000000026947368421
6710886400000000000000512000000000
6710886400000000000000538947368421
6710886400000000000010240000000000
6710886400000000000010778947368421
6710886400000000000204800000000000
6710886400000000000215578947368421
6710886400000000004096000000000000
6710886400000000004311578947368421
6710886400000000081920000000000000
6710886400000000086231578947368421
6710886400000001638400000000000000
6710886400000001724631578947368421
6710886400000032768000000000000000
6710886400000034492631578947368421
6710886400000655360000000000000000
6710886400000689852631578947368421
6710886400013107200000000000000000
6710886400013797052631578947368421
6710886400262144000000000000000000
6710886400275941052631578947368421
6710886405242880000000000000000000
6710886405518821052631578947368421
6710886504857600000000000000000000
6710886510376421052631578947368421
6710888497152000000000000000000000
6710888607528421052631578947368421
6710928343040000000000000000000000
6710930550568421052631578947368421
6711725260800000000000000000000000
6711769411368421052631578947368421
6727663616000000000000000000000000
6728546627368421052631578947368421
7064090947368421052631578947368421
134217728000000000000000000000000000
134217728000000000000000000000000020
134217728000000000000000000000000021
134217728000000000000000000000000400
134217728000000000000000000000000421
134217728000000000000000000000008000
134217728000000000000000000000008421
134217728000000000000000000000160000
134217728000000000000000000000168421
134217728000000000000000000003200000
134217728000000000000000000003368421
134217728000000000000000000064000000
134217728000000000000000000067368421
134217728000000000000000001280000000
134217728000000000000000001347368421
134217728000000000000000025600000000
134217728000000000000000026947368421
134217728000000000000000512000000000
134217728000000000000000538947368421
134217728000000000000010240000000000
134217728000000000000010778947368421
134217728000000000000204800000000000
134217728000000000000215578947368421
134217728000000000004096000000000000
134217728000000000004311578947368421
134217728000000000081920000000000000
134217728000000000086231578947368421
134217728000000001638400000000000000
134217728000000001724631578947368421
134217728000000032768000000000000000
134217728000000034492631578947368421
134217728000000655360000000000000000
134217728000000689852631578947368421
134217728000013107200000000000000000
134217728000013797052631578947368421
134217728000262144000000000000000000
134217728000275941052631578947368421
134217728005242880000000000000000000
134217728005518821052631578947368421
134217728104857600000000000000000000
134217728110376421052631578947368421
134217730097152000000000000000000000
134217730207528421052631578947368421
134217769943040000000000000000000000
134217772150568421052631578947368421
134218566860800000000000000000000000
134218611011368421052631578947368421
134234505216000000000000000000000000
134235388227368421052631578947368421
134553272320000000000000000000000000
134570932547368421052631578947368421
141281818947368421052631578947368421
2684354560000000000000000000000000000
2684354560000000000000000000000000020
2684354560000000000000000000000000021
2684354560000000000000000000000000400
2684354560000000000000000000000000421
2684354560000000000000000000000008000
2684354560000000000000000000000008421
2684354560000000000000000000000160000
2684354560000000000000000000000168421
2684354560000000000000000000003200000
2684354560000000000000000000003368421
2684354560000000000000000000064000000
2684354560000000000000000000067368421
2684354560000000000000000001280000000
2684354560000000000000000001347368421
2684354560000000000000000025600000000
2684354560000000000000000026947368421
2684354560000000000000000512000000000
2684354560000000000000000538947368421
2684354560000000000000010240000000000
2684354560000000000000010778947368421
2684354560000000000000204800000000000
2684354560000000000000215578947368421
2684354560000000000004096000000000000
2684354560000000000004311578947368421
2684354560000000000081920000000000000
2684354560000000000086231578947368421
2684354560000000001638400000000000000
2684354560000000001724631578947368421
2684354560000000032768000000000000000
2684354560000000034492631578947368421
2684354560000000655360000000000000000
2684354560000000689852631578947368421
2684354560000013107200000000000000000
2684354560000013797052631578947368421
2684354560000262144000000000000000000
2684354560000275941052631578947368421
2684354560005242880000000000000000000
2684354560005518821052631578947368421
2684354560104857600000000000000000000
2684354560110376421052631578947368421
2684354562097152000000000000000000000
2684354562207528421052631578947368421
2684354601943040000000000000000000000
2684354604150568421052631578947368421
2684355398860800000000000000000000000
2684355443011368421052631578947368421
2684371337216000000000000000000000000
2684372220227368421052631578947368421
2684690104320000000000000000000000000
2684707764547368421052631578947368421
2691065446400000000000000000000000000
2691418650947368421052631578947368421
2825636378947368421052631578947368421
53687091200000000000000000000000000000
53687091200000000000000000000000000020
53687091200000000000000000000000000021
53687091200000000000000000000000000400
53687091200000000000000000000000000421
53687091200000000000000000000000008000
53687091200000000000000000000000008421
53687091200000000000000000000000160000
53687091200000000000000000000000168421
53687091200000000000000000000003200000
53687091200000000000000000000003368421
53687091200000000000000000000064000000
53687091200000000000000000000067368421
53687091200000000000000000001280000000
53687091200000000000000000001347368421
53687091200000000000000000025600000000
53687091200000000000000000026947368421
53687091200000000000000000512000000000
53687091200000000000000000538947368421
53687091200000000000000010240000000000
53687091200000000000000010778947368421
53687091200000000000000204800000000000
53687091200000000000000215578947368421
53687091200000000000004096000000000000
53687091200000000000004311578947368421
53687091200000000000081920000000000000
53687091200000000000086231578947368421
53687091200000000001638400000000000000
53687091200000000001724631578947368421
53687091200000000032768000000000000000
53687091200000000034492631578947368421
53687091200000000655360000000000000000
53687091200000000689852631578947368421
53687091200000013107200000000000000000
53687091200000013797052631578947368421
53687091200000262144000000000000000000
53687091200000275941052631578947368421
53687091200005242880000000000000000000
53687091200005518821052631578947368421
53687091200104857600000000000000000000
53687091200110376421052631578947368421
53687091202097152000000000000000000000
53687091202207528421052631578947368421
53687091241943040000000000000000000000
53687091244150568421052631578947368421
53687092038860800000000000000000000000
53687092083011368421052631578947368421
53687107977216000000000000000000000000
53687108860227368421052631578947368421
53687426744320000000000000000000000000
53687444404547368421052631578947368421
53693802086400000000000000000000000000
53694155290947368421052631578947368421
53821308928000000000000000000000000000
53828373018947368421052631578947368421
56512727578947368421052631578947368421
