121
122
14641
14762
1771561
1771682
1786202
214358881
214359002
214373522
216130442
25937424601
25937424722
25937439242
25939196162
26151783482
3138428376721
3138428376842
3138428391362
3138430148282
3138642735602
3164365801322
379749833583241
379749833583362
379749833597882
379749835354802
379750047942122
379775771007842
382888261959962
45949729863572161
45949729863572282
45949729863586802
45949729865343722
45949730077931042
45949755800996762
45952868291948882
46329479697155402
5559917313492231481
5559917313492231602
5559917313492246122
5559917313494003042
5559917313706590362
5559917339429656082
5559920451920608202
5560297063325814722
5605867043355803642
672749994932560009201
672749994932560009322
672749994932560023842
672749994932561780762
672749994932774368082
672749994958497433802
672749998070988385922
672750374682393592442
672795944662423581362
678309912246052240682
81402749386839761113321
81402749386839761113442
81402749386839761127962
81402749386839762884882
81402749386839975472202
81402749386865698537922
81402749389978189490042
81402749766589594696562
81402795336569624685482
81408309304153253344802
82075499381772321122522
9849732675807611094711841
9849732675807611094711962
9849732675807611094726482
9849732675807611096483402
9849732675807611309070722
9849732675807637032136442
9849732675810749523088562
9849732676187360928295082
9849732721757340958284002
9849738235724924586943322
9850405425802543654721042
9931135425194450855825162
1191817653772720942460132761
1191817653772720942460132882
1191817653772720942460147402
1191817653772720942461904322
1191817653772720942674491642
1191817653772720968397557362
1191817653772724080888509482
1191817653773100692293716002
1191817653818670672323704922
1191817659332638255952364242
1191818326522715875020141962
1191899056522107782221246082
1201667386448528553554844602
144209936106499234037676064081
144209936106499234037676064202
144209936106499234037676078722
144209936106499234037677835642
144209936106499234037890422962
144209936106499234063613488682
144209936106499237176104440802
144209936106499613787509647322
144209936106545183767539636242
144209936112059151351168295562
144209936779249228970236073282
144210017509248620877437177402
144219785839175041648770775922
145401753760271954980136196842
17449402268886407318558803753801
17449402268886407318558803753922
17449402268886407318558803768442
17449402268886407318558805525362
17449402268886407318559018112682
17449402268886407318584741178402
17449402268886407321697232130522
17449402268886407698308637337042
17449402268886453268288667325962
17449402268891967235872295985282
17449402269559157313491363763002
17449402350289156705398564867122
17449412118619083126169898465642
17450594086540180039501263886562
17593612204992906552596479817882
2111377674535255285545615254209921
2111377674535255285545615254210042
2111377674535255285545615254224562
2111377674535255285545615255981482
2111377674535255285545615468568802
2111377674535255285545641191634522
2111377674535255285548753682586642
2111377674535255285925365087793162
2111377674535255331495345117782082
2111377674535260845462928746441402
2111377674535928035540547814219122
2111377674616658034932455015323242
2111377684384987961353226348921762
2111378866352909058266557714342682
2111521884471361784779652930274002
2128827076804141692864174057963722
255476698618765889551019445759400441
255476698618765889551019445759400562
255476698618765889551019445759415082
255476698618765889551019445761172002
255476698618765889551019445973759322
255476698618765889551019471696825042
255476698618765889551022584187777162
255476698618765889551399195592983682
255476698618765889596969175622972602
255476698618765895110936759251631922
255476698618766562301014378319409642
255476698618847292300406285520513762
255476698628615622226827056854112282
255476699810583543323740388219533202
255476842828701996050253483435464522
255494148021034775958338004563154242
257588076293301144836565061013610362
30912680532870672635673352936887453361
30912680532870672635673352936887453482
30912680532870672635673352936887468002
30912680532870672635673352936889224922
30912680532870672635673352937101812242
30912680532870672635673352962824877962
30912680532870672635673356075315830082
30912680532870672635673732686721036602
30912680532870672635719302666751025522
30912680532870672641233270250379684842
30912680532870673308423347869447462562
30912680532870754038422739776648566682
30912680532880522368349160547982165202
30912680534062490289446073879347586122
30912680677080608742172586974563517442
30912697982272941522080671495691207162
30914791910545207890958898552141663282
31168157231489438525224372382646853802
