121
133
1331
1342
1343
1464
14641
14652
14653
14762
14774
16105
161051
161062
161063
161172
161184
162382
162515
177156
1771561
1771572
1771573
1771682
1771694
1772892
1773025
1786202
1787666
1948717
19487171
19487182
19487183
19487292
19487304
19488502
19488635
19501812
19503276
19648222
19664327
21435888
214358881
214358892
214358893
214359002
214359014
214360212
214360345
214373522
214374986
214519932
214536037
216130442
216307598
235794769
2357947691
2357947702
2357947703
2357947812
2357947824
2357949022
2357949155
2357962332
2357963796
2358108742
2358124847
2359719252
2359896408
2377434862
2379383579
2593742460
25937424601
25937424612
25937424613
25937424722
25937424734
25937425932
25937426065
25937439242
25937440706
25937585652
25937601757
25939196162
25939373318
25956911772
25958860489
26151783482
26173219370
28531167061
285311670611
285311670622
285311670623
285311670732
285311670744
285311671942
285311672075
285311685252
285311686716
285311831662
285311847767
285313442172
285313619328
285331157782
285333106499
285526029492
285547465380
287669618302
287905413071
313842837672
3138428376721
3138428376732
3138428376733
3138428376842
3138428376854
3138428378052
3138428378185
3138428391362
3138428392826
3138428537772
3138428553877
3138430148282
3138430325438
3138447863892
3138449812609
3138642735602
3138664171490
3140786324412
3141022119181
3164365801322
3166959543782
3452271214393
34522712143931
34522712143942
34522712143943
34522712144052
34522712144064
34522712145262
34522712145395
34522712158572
34522712160036
34522712304982
34522712321087
34522713915492
34522714092648
34522731631102
34522733579819
34522926502812
34522947938700
34525070091622
34525305886391
34548649568532
34551243310992
34808023814542
34836554981603
37974983358324
379749833583241
379749833583252
379749833583253
379749833583362
379749833583374
379749833584572
379749833584705
379749833597882
379749833599346
379749833744292
379749833760397
379749835354802
379749835531958
379749853070412
379749855019129
379750047942122
379750069378010
379752191530932
379752427325701
379775771007842
379778364750302
380035145253852
380063676420913
382888261959962
383202104797634
417724816941565
4177248169415651
4177248169415662
4177248169415663
4177248169415772
4177248169415784
4177248169416982
4177248169417115
4177248169430292
4177248169431756
4177248169576702
4177248169592807
4177248171187212
4177248171364368
4177248188902822
4177248190851539
4177248383774532
4177248405210420
4177250527363342
4177250763158111
4177274106840252
4177276700582712
4177533481086262
4177562012253323
4180386597792372
4180700440630044
4211770881559582
4215223152773975
4594972986357216
45949729863572161
45949729863572172
45949729863572173
45949729863572282
45949729863572294
45949729863573492
45949729863573625
45949729863586802
45949729863588266
45949729863733212
45949729863749317
45949729865343722
45949729865520878
45949729883059332
45949729885008049
45949730077931042
45949730099366930
45949732221519852
45949732457314621
45949755800996762
45949758394739222
45950015175242772
45950043706409833
45952868291948882
45953182134786554
45984252575716092
45987704846930485
46329479697155402
46367454680513726
50544702849929377
505447028499293771
505447028499293782
505447028499293783
505447028499293892
505447028499293904
505447028499295102
505447028499295235
505447028499308412
505447028499309876
505447028499454822
505447028499470927
505447028501065332
505447028501242488
505447028518780942
505447028520729659
505447028713652652
505447028735088540
505447030857241462
505447031093036231
505447054436718372
505447057030460832
505447313810964382
505447342342131443
505450166927670492
505450480770508164
505481551211437702
505485003482652095
505826778332877012
505864753316235336
509624276668709422
510042001485650987
555991731349223148
5559917313492231481
5559917313492231492
5559917313492231493
5559917313492231602
5559917313492231614
5559917313492232812
5559917313492232945
5559917313492246122
5559917313492247586
5559917313492392532
5559917313492408637
5559917313494003042
5559917313494180198
5559917313511718652
5559917313513667369
5559917313706590362
5559917313728026250
5559917315850179172
5559917316085973941
5559917339429656082
5559917342023398542
5559917598803902092
5559917627335069153
5559920451920608202
5559920765763445874
5559951836204375412
5559955288475589805
5560297063325814722
5560335038309173046
5564094561661647132
5564512286478588697
5605867043355803642
5610462016342160858
6115909044841454629
61159090448414546291
61159090448414546302
61159090448414546303
61159090448414546412
61159090448414546424
61159090448414547622
61159090448414547755
61159090448414560932
61159090448414562396
61159090448414707342
61159090448414723447
61159090448416317852
61159090448416495008
61159090448434033462
61159090448435982179
61159090448628905172
61159090448650341060
61159090450772493982
61159090451008288751
61159090474351970892
61159090476945713352
61159090733726216902
61159090762257383963
61159093586842923012
61159093900685760684
61159124971126690222
61159128423397904615
61159470198248129532
61159508173231487856
61163267696583961942
61163685421400903507
61205040178278118452
61209635151264475668
61664537476913840062
61715082179763769439
67274999493256000920
672749994932560009201
672749994932560009212
672749994932560009213
672749994932560009322
672749994932560009334
672749994932560010532
672749994932560010665
672749994932560023842
672749994932560025306
672749994932560170252
672749994932560186357
672749994932561780762
672749994932561957918
672749994932579496372
672749994932581445089
672749994932774368082
672749994932795803970
672749994934917956892
672749994935153751661
672749994958497433802
672749994961091176262
672749995217871679812
672749995246402846873
672749998070988385922
672749998384831223594
672750029455272153132
672750032907543367525
672750374682393592442
672750412657376950766
672754172180729424852
672754589905546366417
672795944662423581362
672800539635409938578
673255441961059302972
673305986663909232349
678309912246052240682
678865903977401463830
740024994425816010121
7400249944258160101211
7400249944258160101222
7400249944258160101223
7400249944258160101332
7400249944258160101344
7400249944258160102542
7400249944258160102675
7400249944258160115852
7400249944258160117316
7400249944258160262262
7400249944258160278367
7400249944258161872772
7400249944258162049928
7400249944258179588382
7400249944258181537099
7400249944258374460092
7400249944258395895980
7400249944260518048902
7400249944260753843671
7400249944284097525812
7400249944286691268272
7400249944543471771822
7400249944572002938883
7400249947396588477932
7400249947710431315604
7400249978780872245142
7400249982233143459535
7400250324007993684452
7400250361982977042776
7400254121506329516862
7400254539231146458427
7400295893988023673372
7400300488961010030588
7400755391286659394982
7400805935989509324359
7405809861571652332692
7406365853303001555840
7461409034706574647502
7467524943751416102131
8140274938683976111332
81402749386839761113321
81402749386839761113332
81402749386839761113333
81402749386839761113442
81402749386839761113454
81402749386839761114652
81402749386839761114785
81402749386839761127962
81402749386839761129426
81402749386839761274372
81402749386839761290477
81402749386839762884882
81402749386839763062038
81402749386839780600492
81402749386839782549209
81402749386839975472202
81402749386839996908090
81402749386842119061012
81402749386842354855781
81402749386865698537922
81402749386868292280382
81402749387125072783932
81402749387153603950993
81402749389978189490042
81402749390292032327714
81402749421362473257252
81402749424814744471645
81402749766589594696562
81402749804564578054886
81402753564087930528972
81402753981812747470537
81402795336569624685482
81402799931542611042698
81403254833868260407092
81403305378571110336469
81408309304153253344802
81408865295884602567950
81463908477288175659612
81470024386333017114241
82075499381772321122522
82142774381265577123442
89543024325523737224653
895430243255237372246531
895430243255237372246542
895430243255237372246543
895430243255237372246652
895430243255237372246664
895430243255237372247862
895430243255237372247995
895430243255237372261172
895430243255237372262636
895430243255237372407582
895430243255237372423687
895430243255237374018092
895430243255237374195248
895430243255237391733702
895430243255237393682419
895430243255237586605412
895430243255237608041300
895430243255239730194222
895430243255239965988991
895430243255263309671132
895430243255265903413592
895430243255522683917142
895430243255551215084203
895430243258375800623252
895430243258689643460924
895430243289760084390462
895430243293212355604855
895430243634987205829772
895430243672962189188096
895430247432485541662182
895430247850210358603747
895430289204967235818692
895430293799940222175908
895430748702265871540302
895430799246968721469679
895435803172550864478012
895436359164282213701160
895491402345685786792822
895497518254730628247451
896102993250169932255732
896170268249663188256652
902830493199495532347742
903570518193921348357863
984973267580761109471184
9849732675807611094711841
9849732675807611094711852
9849732675807611094711853
9849732675807611094711962
9849732675807611094711974
9849732675807611094713172
9849732675807611094713305
9849732675807611094726482
9849732675807611094727946
9849732675807611094872892
9849732675807611094888997
9849732675807611096483402
9849732675807611096660558
9849732675807611114199012
9849732675807611116147729
9849732675807611309070722
9849732675807611330506610
9849732675807613452659532
9849732675807613688454301
9849732675807637032136442
9849732675807639625878902
9849732675807896406382452
9849732675807924937549513
9849732675810749523088562
9849732675811063365926234
9849732675842133806855772
9849732675845586078070165
9849732676187360928295082
9849732676225335911653406
9849732679984859264127492
9849732680402584081069057
9849732721757340958284002
9849732726352313944641218
9849733181254639594005612
9849733231799342443934989
9849738235724924586943322
9849738791716655936166470
9849793834898059509258132
9849799950807104350712761
9850405425802543654721042
9850472700802036910721962
9857132925751869254813052
9857872950746295070823173
9931135425194450855825162
9939275700133134831936494
10834705943388372204183025
108347059433883722041830251
108347059433883722041830262
108347059433883722041830263
108347059433883722041830372
108347059433883722041830384
108347059433883722041831582
108347059433883722041831715
108347059433883722041844892
108347059433883722041846356
108347059433883722041991302
108347059433883722042007407
108347059433883722043601812
108347059433883722043778968
108347059433883722061317422
108347059433883722063266139
108347059433883722256189132
108347059433883722277625020
108347059433883724399777942
108347059433883724635572711
108347059433883747979254852
108347059433883750572997312
108347059433884007353500862
108347059433884035884667923
108347059433886860470206972
108347059433887174313044644
108347059433918244753974182
108347059433921697025188575
108347059434263471875413492
108347059434301446858771816
108347059438060970211245902
108347059438478695028187467
108347059479833451905402412
108347059484428424891759628
108347059939330750541124022
108347059989875453391053399
108347064993801035534061732
108347065549792766883284880
108347120592974170456376542
108347126708883215297831171
108347732183878654601839452
108347799458878147857840372
108354459683827980201931462
108355199708822406017941583
108428462183270561802943572
108436602458209245779054904
109242489677138959414076782
109332032701464483151301435
119181765377272094246013276
1191817653772720942460132761
1191817653772720942460132772
1191817653772720942460132773
1191817653772720942460132882
1191817653772720942460132894
1191817653772720942460134092
1191817653772720942460134225
1191817653772720942460147402
1191817653772720942460148866
1191817653772720942460293812
1191817653772720942460309917
1191817653772720942461904322
1191817653772720942462081478
1191817653772720942479619932
1191817653772720942481568649
1191817653772720942674491642
1191817653772720942695927530
1191817653772720944818080452
1191817653772720945053875221
1191817653772720968397557362
1191817653772720970991299822
1191817653772721227771803372
1191817653772721256302970433
1191817653772724080888509482
1191817653772724394731347154
1191817653772755465172276692
1191817653772758917443491085
1191817653773100692293716002
1191817653773138667277074326
1191817653776898190629548412
1191817653777315915446489977
1191817653818670672323704922
1191817653823265645310062138
1191817654278167970959426532
1191817654328712673809355909
1191817659332638255952364242
1191817659888629987301587390
1191817714931811390874679052
1191817721047720435716133681
1191818326522715875020141962
1191818393797715368276142882
1191825054022665200620233972
1191825794047659626436244093
1191899056522107782221246082
1191907196797046466197357414
1192713084015976179832379292
1192802627040301703569603945
1201667386448528553554844602
1202652359716109314664315786
1310999419149993036706146037
13109994191499930367061460371
13109994191499930367061460382
13109994191499930367061460383
13109994191499930367061460492
13109994191499930367061460504
13109994191499930367061461702
13109994191499930367061461835
13109994191499930367061475012
13109994191499930367061476476
13109994191499930367061621422
13109994191499930367061637527
13109994191499930367063231932
13109994191499930367063409088
13109994191499930367080947542
13109994191499930367082896259
13109994191499930367275819252
13109994191499930367297255140
13109994191499930369419408062
13109994191499930369655202831
13109994191499930392998884972
13109994191499930395592627432
13109994191499930652373130982
13109994191499930680904298043
13109994191499933505489837092
13109994191499933819332674764
13109994191499964889773604302
13109994191499968342044818695
13109994191500310116895043612
13109994191500348091878401936
13109994191504107615230876022
13109994191504525340047817587
13109994191545880096925032532
13109994191550475069911389748
13109994192005377395560754142
13109994192055922098410683519
13109994197059847680553691852
13109994197615839411902915000
13109994252659020815476006662
13109994258774929860317461291
13109994864249925299621469572
13109994931524924792877470492
13110001591749874625221561582
13110002331774869051037571703
13110075594249317206822573692
13110083734524255890798685024
13110889621743185604433706902
13110979164767511128170931555
13119843924175737978156172212
13120828897443318739265643396
13218341250933814089103290622
13229175956877202461307473647
14420993610649923403767606408
144209936106499234037676064081
144209936106499234037676064092
144209936106499234037676064093
144209936106499234037676064202
144209936106499234037676064214
144209936106499234037676065412
144209936106499234037676065545
144209936106499234037676078722
144209936106499234037676080186
144209936106499234037676225132
144209936106499234037676241237
144209936106499234037677835642
144209936106499234037678012798
144209936106499234037695551252
144209936106499234037697499969
144209936106499234037890422962
144209936106499234037911858850
144209936106499234040034011772
144209936106499234040269806541
144209936106499234063613488682
144209936106499234066207231142
144209936106499234322987734692
144209936106499234351518901753
144209936106499237176104440802
144209936106499237489947278474
144209936106499268560388208012
144209936106499272012659422405
144209936106499613787509647322
144209936106499651762493005646
144209936106503411285845479732
144209936106503829010662421297
144209936106545183767539636242
144209936106549778740525993458
144209936107004681066175357852
144209936107055225769025287229
144209936112059151351168295562
144209936112615143082517518710
144209936167658324486090610372
144209936173774233530932065001
144209936779249228970236073282
144209936846524228463492074202
144209943506749178295836165292
144209944246774172721652175413
144210017509248620877437177402
144210025649523559561413288734
144210831536742489275048310612
144210921079766814798785535265
144219785839175041648770775922
144220770812442622409880247106
144318283165933117759717894332
144329117871876506131922077357
145401753760271954980136196842
145520935525649227074382210118
158630929717149157441443670489
1586309297171491574414436704891
1586309297171491574414436704902
1586309297171491574414436704903
1586309297171491574414436705012
1586309297171491574414436705024
1586309297171491574414436706222
1586309297171491574414436706355
1586309297171491574414436719532
1586309297171491574414436720996
1586309297171491574414436865942
1586309297171491574414436882047
1586309297171491574414438476452
1586309297171491574414438653608
1586309297171491574414456192062
1586309297171491574414458140779
1586309297171491574414651063772
1586309297171491574414672499660
1586309297171491574416794652582
1586309297171491574417030447351
1586309297171491574440374129492
1586309297171491574442967871952
1586309297171491574699748375502
1586309297171491574728279542563
1586309297171491577552865081612
1586309297171491577866707919284
1586309297171491608937148848822
1586309297171491612389420063215
1586309297171491954164270288132
1586309297171491992139253646456
1586309297171495751662606120542
1586309297171496169387423062107
1586309297171537524144300277052
1586309297171542119117286634268
1586309297171997021442935998662
1586309297172047566145785928039
1586309297177051491727928936372
1586309297177607483459278159520
1586309297232650664862851251182
1586309297238766573907692705811
1586309297844241569346996714092
1586309297911516568840252715012
1586309304571741518672596806102
1586309305311766513098412816223
1586309378574240961254197818212
1586309386714515899938173929544
1586310192601734829651808951422
1586310282144759155175546176075
1586319146904167382025531416732
1586320131877434962786640887916
1586417644230925458136478535142
1586428478936868846508682718167
1587501114825264295356896837652
1587620296590641567451142850928
1599419291362991504781498165262
1600730290782141497818204311299
1744940226888640731855880375380
17449402268886407318558803753801
17449402268886407318558803753812
17449402268886407318558803753813
17449402268886407318558803753922
17449402268886407318558803753934
17449402268886407318558803755132
17449402268886407318558803755265
17449402268886407318558803768442
17449402268886407318558803769906
17449402268886407318558803914852
17449402268886407318558803930957
17449402268886407318558805525362
17449402268886407318558805702518
17449402268886407318558823240972
17449402268886407318558825189689
17449402268886407318559018112682
17449402268886407318559039548570
17449402268886407318561161701492
17449402268886407318561397496261
17449402268886407318584741178402
17449402268886407318587334920862
17449402268886407318844115424412
17449402268886407318872646591473
17449402268886407321697232130522
17449402268886407322011074968194
17449402268886407353081515897732
17449402268886407356533787112125
17449402268886407698308637337042
17449402268886407736283620695366
17449402268886411495806973169452
17449402268886411913531790111017
17449402268886453268288667325962
17449402268886457863261653683178
17449402268886912765587303047572
17449402268886963310290152976949
17449402268891967235872295985282
17449402268892523227603645208430
17449402268947566409007218300092
17449402268953682318052059754721
17449402269559157313491363763002
17449402269626432312984619763922
17449402276286657262816963855012
17449402277026682257242779865133
17449402350289156705398564867122
17449402358429431644082540978454
17449403164316650573796176000332
17449403253859674899319913224985
17449412118619083126169898465642
17449413103592350706931007936826
17449510615945841202280845584052
17449521450651784590653049767077
17450594086540180039501263886562
17450713268305557311595509899838
17462512263077907248925865214172
17463823262497057241962571360209
17593612204992906552596479817882
17608033198603556476000247424290
19194342495775048050414684129181
191943424957750480504146841291811
191943424957750480504146841291822
191943424957750480504146841291823
191943424957750480504146841291932
191943424957750480504146841291944
191943424957750480504146841293142
191943424957750480504146841293275
191943424957750480504146841306452
191943424957750480504146841307916
191943424957750480504146841452862
191943424957750480504146841468967
191943424957750480504146843063372
191943424957750480504146843240528
191943424957750480504146860778982
191943424957750480504146862727699
191943424957750480504147055650692
191943424957750480504147077086580
191943424957750480504149199239502
191943424957750480504149435034271
191943424957750480504172778716412
191943424957750480504175372458872
191943424957750480504432152962422
191943424957750480504460684129483
191943424957750480507285269668532
191943424957750480507599112506204
191943424957750480538669553435742
191943424957750480542121824650135
191943424957750480883896674875052
191943424957750480921871658233376
191943424957750484681395010707462
191943424957750485099119827649027
191943424957750526453876704863972
191943424957750531048849691221188
191943424957750985951175340585582
191943424957751036495878190514959
191943424957756040421460333523292
191943424957756596413191682746440
191943424957811639594595255838102
191943424957817755503640097292731
191943424958423230499079401301012
191943424958490505498572657301932
191943424965150730448405001393022
191943424965890755442830817403143
191943425039153229890986602405132
191943425047293504829670578516464
191943425853180723759384213538342
191943425942723748084907950762995
191943434807483156311757936003652
191943435792456423892519045474836
191943533304809914387868883122062
191943544139515857776241087305087
191944616775404253225089301424572
191944735957169630497183547437848
191956534951941980434513902752182
191957845951361130427550608898219
192087634893856979738184517355892
192102055887467629661588284962300
193529734254921972078561277996702
193688365184639121236002721667191
211137767453525528554561525420992
2111377674535255285545615254209921
2111377674535255285545615254209932
2111377674535255285545615254209933
2111377674535255285545615254210042
2111377674535255285545615254210054
2111377674535255285545615254211252
2111377674535255285545615254211385
2111377674535255285545615254224562
2111377674535255285545615254226026
2111377674535255285545615254370972
2111377674535255285545615254387077
2111377674535255285545615255981482
2111377674535255285545615256158638
2111377674535255285545615273697092
2111377674535255285545615275645809
2111377674535255285545615468568802
2111377674535255285545615490004690
2111377674535255285545617612157612
2111377674535255285545617847952381
2111377674535255285545641191634522
2111377674535255285545643785376982
2111377674535255285545900565880532
2111377674535255285545929097047593
2111377674535255285548753682586642
2111377674535255285549067525424314
2111377674535255285580137966353852
2111377674535255285583590237568245
2111377674535255285925365087793162
2111377674535255285963340071151486
2111377674535255289722863423625572
2111377674535255290140588240567137
2111377674535255331495345117782082
2111377674535255336090318104139298
2111377674535255790992643753503692
2111377674535255841537346603433069
2111377674535260845462928746441402
2111377674535261401454660095664550
2111377674535316444636063668756212
2111377674535322560545108510210841
2111377674535928035540547814219122
2111377674535995310540041070220042
2111377674542655535489873414311132
2111377674543395560484299230321253
2111377674616658034932455015323242
2111377674624798309871138991434574
2111377675430685528800852626456452
2111377675520228553126376363681105
2111377684384987961353226348921762
2111377685369961228933987458392946
2111377782882314719429337296040172
2111377793717020662817709500223197
2111378866352909058266557714342682
2111378985534674435538651960355958
2111390784529446785475982315670292
2111392095528865935469019021816329
2111521884471361784779652930274002
2111536305464972434703056697880410
2112963983832426777120029690914812
2113122614762143926277471134585301
2128827076804141692864174057963722
2130572017031030333596029938339102
2322515441988780814100176779630913
23225154419887808141001767796309131
23225154419887808141001767796309142
23225154419887808141001767796309143
23225154419887808141001767796309252
23225154419887808141001767796309264
23225154419887808141001767796310462
23225154419887808141001767796310595
23225154419887808141001767796323772
23225154419887808141001767796325236
23225154419887808141001767796470182
23225154419887808141001767796486287
23225154419887808141001767798080692
23225154419887808141001767798257848
23225154419887808141001767815796302
23225154419887808141001767817745019
23225154419887808141001768010668012
23225154419887808141001768032103900
23225154419887808141001770154256822
23225154419887808141001770390051591
23225154419887808141001793733733732
23225154419887808141001796327476192
23225154419887808141002053107979742
23225154419887808141002081639146803
23225154419887808141004906224685852
23225154419887808141005220067523524
23225154419887808141036290508453062
23225154419887808141039742779667455
23225154419887808141381517629892372
23225154419887808141419492613250696
23225154419887808145179015965724782
23225154419887808145596740782666347
23225154419887808186951497659881292
23225154419887808191546470646238508
23225154419887808646448796295602902
23225154419887808696993499145532279
23225154419887813700919081288540612
23225154419887814256910812637763760
23225154419887869300092216210855422
23225154419887875416001261052310051
23225154419888480890996700356318332
23225154419888548165996193612319252
23225154419895208390946025956410342
23225154419895948415940451772420463
23225154419969210890388607557422452
23225154419977351165327291533533784
23225154420783238384257005168555662
23225154420872781408582528905780315
23225154429737540816809378891020972
23225154430722514084390140000492156
23225154528234867574885489838139382
23225154539069573518273862042322407
23225155611705461913722710256441892
23225155730887227290994804502455168
23225167529881999640932134857769502
23225168840881418790925171563915539
23225298629823914640235805472373212
23225313050817525290159209239979620
23226740729184979632576182233014022
23226899360114696781733623676684511
23242603822156694548320326600062932
23244348762383583189052182480438312
23417097844845558621505914637600942
23436292187341333669556329321730123
25547669861876588955101944575940044
255476698618765889551019445759400441
255476698618765889551019445759400452
255476698618765889551019445759400453
255476698618765889551019445759400562
255476698618765889551019445759400574
255476698618765889551019445759401772
255476698618765889551019445759401905
255476698618765889551019445759415082
255476698618765889551019445759416546
255476698618765889551019445759561492
255476698618765889551019445759577597
255476698618765889551019445761172002
255476698618765889551019445761349158
255476698618765889551019445778887612
255476698618765889551019445780836329
255476698618765889551019445973759322
255476698618765889551019445995195210
255476698618765889551019448117348132
255476698618765889551019448353142901
255476698618765889551019471696825042
255476698618765889551019474290567502
255476698618765889551019731071071052
255476698618765889551019759602238113
255476698618765889551022584187777162
255476698618765889551022898030614834
255476698618765889551053968471544372
255476698618765889551057420742758765
255476698618765889551399195592983682
255476698618765889551437170576342006
255476698618765889555196693928816092
255476698618765889555614418745757657
255476698618765889596969175622972602
255476698618765889601564148609329818
255476698618765890056466474258694212
255476698618765890107011177108623589
255476698618765895110936759251631922
255476698618765895666928490600855070
255476698618765950710109894173946732
255476698618765956826018939015401361
255476698618766562301014378319409642
255476698618766629576013871575410562
255476698618773289800963703919501652
255476698618774029825958129735511773
255476698618847292300406285520513762
255476698618855432575344969496625094
255476698619661319794274683131646972
255476698619750862818600206868871625
255476698628615622226827056854112282
255476698629600595494407817963583466
255476698727112948984903167801230692
255476698737947654928291540005413717
255476699810583543323740388219533202
255476699929765308701012482465546478
255476711728760081050949812820860812
255476713039759500200942849527006849
255476842828701996050253483435464522
255476857249695606700176887203070930
255478284928063061042593860196105332
255478443558992778191751301639775821
255494148021034775958338004563154242
255495892961261664599069860443529622
255668642043723640031523592600692252
255687836386219415079574007284821433
257588076293301144836565061013610362
257799214060754670365119622539031354
281024368480642478506121390335340485
2810243684806424785061213903353404851
2810243684806424785061213903353404862
2810243684806424785061213903353404863
2810243684806424785061213903353404972
2810243684806424785061213903353404984
2810243684806424785061213903353406182
2810243684806424785061213903353406315
2810243684806424785061213903353419492
2810243684806424785061213903353420956
2810243684806424785061213903353565902
2810243684806424785061213903353582007
2810243684806424785061213903355176412
2810243684806424785061213903355353568
2810243684806424785061213903372892022
2810243684806424785061213903374840739
2810243684806424785061213903567763732
2810243684806424785061213903589199620
2810243684806424785061213905711352542
2810243684806424785061213905947147311
2810243684806424785061213929290829452
2810243684806424785061213931884571912
2810243684806424785061214188665075462
2810243684806424785061214217196242523
2810243684806424785061217041781781572
2810243684806424785061217355624619244
2810243684806424785061248426065548782
2810243684806424785061251878336763175
2810243684806424785061593653186988092
2810243684806424785061631628170346416
2810243684806424785065391151522820502
2810243684806424785065808876339762067
2810243684806424785107163633216977012
2810243684806424785111758606203334228
2810243684806424785566660931852698622
2810243684806424785617205634702627999
2810243684806424790621131216845636332
2810243684806424791177122948194859480
2810243684806424846220304351767951142
2810243684806424852336213396609405771
2810243684806425457811208835913414052
2810243684806425525086208329169414972
2810243684806432185311158161513506062
2810243684806432925336152587329516183
2810243684806506187810600743114518172
2810243684806514328085539427090629504
2810243684807320215304469140725651382
2810243684807409758328794664462876035
2810243684816274517737021514448116692
2810243684817259491004602275557587876
2810243684914771844495097625395235102
2810243684925606550438485997599418127
2810243685998242438833934845813537612
2810243686117424204211206940059550888
2810243697916418976561144270414865222
2810243699227418395711137307121011259
2810243829016360891560447941029468932
2810243843437354502210371344797075340
2810245271115721956552788317790109742
2810245429746651673701945759233780231
2810261134208693671468532462157158652
2810262879148920560109264318037534032
2810435628231382535541718050194696662
2810454822573878310589768464878825843
2812355062480960040346759518607614772
2812566200248413565875314080133035764
2833468839226312593202215671149713982
2835791354668301374016315847929344895
3091268053287067263567335293688745336
30912680532870672635673352936887453361
30912680532870672635673352936887453372
30912680532870672635673352936887453373
30912680532870672635673352936887453482
30912680532870672635673352936887453494
30912680532870672635673352936887454692
30912680532870672635673352936887454825
30912680532870672635673352936887468002
30912680532870672635673352936887469466
30912680532870672635673352936887614412
30912680532870672635673352936887630517
30912680532870672635673352936889224922
30912680532870672635673352936889402078
30912680532870672635673352936906940532
30912680532870672635673352936908889249
30912680532870672635673352937101812242
30912680532870672635673352937123248130
30912680532870672635673352939245401052
30912680532870672635673352939481195821
30912680532870672635673352962824877962
30912680532870672635673352965418620422
30912680532870672635673353222199123972
30912680532870672635673353250730291033
30912680532870672635673356075315830082
30912680532870672635673356389158667754
30912680532870672635673387459599597292
30912680532870672635673390911870811685
30912680532870672635673732686721036602
30912680532870672635673770661704394926
30912680532870672635677530185056869012
30912680532870672635677947909873810577
30912680532870672635719302666751025522
30912680532870672635723897639737382738
30912680532870672636178799965386747132
30912680532870672636229344668236676509
30912680532870672641233270250379684842
30912680532870672641789261981728907990
30912680532870672696832443385301999652
30912680532870672702948352430143454281
30912680532870673308423347869447462562
30912680532870673375698347362703463482
30912680532870680035923297195047554572
30912680532870680775948291620863564693
30912680532870754038422739776648566682
30912680532870762178697678460624678014
30912680532871568065916608174259699892
30912680532871657608940933697996924545
30912680532880522368349160547982165202
30912680532881507341616741309091636386
30912680532979019695107236658929283612
30912680532989854401050625031133466637
30912680534062490289446073879347586122
30912680534181672054823345973593599398
30912680545980666827173283303948913732
30912680547291666246323276340655059769
30912680677080608742172586974563517442
30912680691501602352822510378331123850
30912682119179969807164927351324158252
30912682277810899524314084792767828741
30912697982272941522080671495691207162
30912699727213168410721403351571582542
30912872476295630386153857083728745172
30912891670638126161201907498412874353
30914791910545207890958898552141663282
30915003048312661416487453113667084274
30935905687290560443814354704683762492
30938228202732549224628454881463393405
31168157231489438525224372382646853802
31193704901351315114179474327222793846
34003948586157739899240688230576198697
340039485861577398992406882305761986971
340039485861577398992406882305761986982
340039485861577398992406882305761986983
340039485861577398992406882305761987092
340039485861577398992406882305761987104
340039485861577398992406882305761988302
340039485861577398992406882305761988435
340039485861577398992406882305762001612
340039485861577398992406882305762003076
340039485861577398992406882305762148022
340039485861577398992406882305762164127
340039485861577398992406882305763758532
340039485861577398992406882305763935688
340039485861577398992406882305781474142
340039485861577398992406882305783422859
340039485861577398992406882305976345852
340039485861577398992406882305997781740
340039485861577398992406882308119934662
340039485861577398992406882308355729431
340039485861577398992406882331699411572
340039485861577398992406882334293154032
340039485861577398992406882591073657582
340039485861577398992406882619604824643
340039485861577398992406885444190363692
340039485861577398992406885758033201364
340039485861577398992406916828474130902
340039485861577398992406920280745345295
340039485861577398992407262055595570212
340039485861577398992407300030578928536
340039485861577398992411059553931402622
340039485861577398992411477278748344187
340039485861577398992452832035625559132
340039485861577398992457427008611916348
340039485861577398992912329334261280742
340039485861577398992962874037111210119
340039485861577398997966799619254218452
340039485861577398998522791350603441600
340039485861577399053565972754176533262
340039485861577399059681881799017987891
340039485861577399665156877238321996172
340039485861577399732431876731577997092
340039485861577406392656826563922088182
340039485861577407132681820989738098303
340039485861577480395156269145523100292
340039485861577488535431207829499211624
340039485861578294422650137543134233502
340039485861578383965674463066871458155
340039485861587248725082689916856698812
340039485861588233698350270677966169996
340039485861685746051840766027803817222
340039485861696580757784154400008000247
340039485862769216646179603248222119732
340039485862888398411556875342468133008
340039485874687393183906812672823447342
340039485875998392603056805709529593379
340039486005787335098906116343438051052
340039486020208328709556039747205657460
340039487447886696163898456720198691862
340039487606517625881047614161642362351
340039503310979667878814200864565740772
340039505055919894767454932720446116152
340039677805002356742887386452603278782
340039696999344852517935436867287407963
340041597239251934247692427921016196892
340041808377019387773220982482541617884
340062711015997286800547884073558296102
340065033531439275581361984250337927015
340294962560196164881957901751521387412
340320510230058041470913003696097327456
342849729546383823777468096209115391822
343130753914864466255974217599450732307
374043434447735138891647570536338185668
