324
343
5832
5850
5851
6175
104976
104994
104995
105300
105319
111151
1889568
1889586
1889587
1889892
1889911
1895400
1895743
2000719
34012224
34012242
34012243
34012548
34012567
34018056
34018399
34117200
34123375
36012943
612220032
612220050
612220051
612220356
612220375
612225864
612226207
612325008
612331183
614109600
614220751
648232975
11019960576
11019960594
11019960595
11019960900
11019960919
11019966408
11019966751
11020065552
11020071727
11021850144
11021961295
11053972800
11055973519
11668193551
198359290368
198359290386
198359290387
198359290692
198359290711
198359296200
198359296543
198359395344
198359401519
198361179936
198361291087
198393302592
198395303311
198971510400
199007523343
210027483919
3570467226624
3570467226642
3570467226643
3570467226948
3570467226967
3570467232456
3570467232799
3570467331600
3570467337775
3570469116192
3570469227343
3570501238848
3570503239567
3571079446656
3571115459599
3581487187200
3582135420175
3780494710543
64268410079232
64268410079250
64268410079251
64268410079556
64268410079575
64268410085064
64268410085407
64268410184208
64268410190383
64268411968800
64268412079951
64268444091456
64268446092175
64269022299264
64269058312207
64279430039808
64280078272783
64466769369600
64478437563151
68048904789775
1156831381426176
1156831381426194
1156831381426195
1156831381426500
1156831381426519
1156831381432008
1156831381432351
1156831381531152
1156831381537327
1156831383315744
1156831383426895
1156831415438400
1156831417439119
1156831993646208
1156832029659151
1156842401386752
1156843049619727
1157029740716544
1157041408910095
1160401848652800
1160611876136719
1224880286215951
20822964865671168
20822964865671186
20822964865671187
20822964865671492
20822964865671511
20822964865677000
20822964865677343
20822964865776144
20822964865782319
20822964867560736
20822964867671887
20822964899683392
20822964901684111
20822965477891200
20822965513904143
20822975885631744
20822976533864719
20823163224961536
20823174893155087
20826535332897792
20826745360381711
20887233275750400
20891013770460943
22047845151887119
374813367582081024
374813367582081042
374813367582081043
374813367582081348
374813367582081367
374813367582086856
374813367582087199
374813367582186000
374813367582192175
374813367583970592
374813367584081743
374813367616093248
374813367618093967
374813368194301056
374813368230313999
374813378602041600
374813379250274575
374813565941371392
374813577609564943
374816938049307648
374817148076791567
374877635992160256
374881416486870799
375970198963507200
376038247868296975
396861212733968143
6746640616477458432
6746640616477458450
6746640616477458451
6746640616477458756
6746640616477458775
6746640616477464264
6746640616477464607
6746640616477563408
6746640616477569583
6746640616479348000
6746640616479459151
6746640616511470656
6746640616513471375
6746640617089678464
6746640617125691407
6746640627497419008
6746640628145651983
6746640814836748800
6746640826504942351
6746644186944685056
6746644396972168975
6746704884887537664
6746708665382248207
6747797447858884608
6747865496763674383
6767463581343129600
6768688461629345551
7143501829211426575
121439531096594251776
121439531096594251794
121439531096594251795
121439531096594252100
121439531096594252119
121439531096594257608
121439531096594257951
121439531096594356752
121439531096594362927
121439531096596141344
121439531096596252495
121439531096628264000
121439531096630264719
121439531097206471808
121439531097242484751
121439531107614212352
121439531108262445327
121439531294953542144
121439531306621735695
121439534667061478400
121439534877088962319
121439595365004331008
121439599145499041551
121440687927975677952
121440755976880467727
121460354061459922944
121461578941746138895
121814344464176332800
121836392309328219919
128583032925805678351
2185911559738696531968
2185911559738696531986
2185911559738696531987
2185911559738696532292
2185911559738696532311
2185911559738696537800
2185911559738696538143
2185911559738696636944
2185911559738696643119
2185911559738698421536
2185911559738698532687
2185911559738730544192
2185911559738732544911
2185911559739308752000
2185911559739344764943
2185911559749716492544
2185911559750364725519
2185911559937055822336
2185911559948724015887
2185911563309163758592
2185911563519191242511
2185911624007106611200
2185911627787601321743
2185912716570077958144
2185912784618982747919
2185932382703562203136
2185933607583848419087
2186286373106278612992
2186308420951430500111
2192658200355173990400
2193055061567907958543
2314494592664502210319
39346408075296537575424
39346408075296537575442
39346408075296537575443
39346408075296537575748
39346408075296537575767
39346408075296537581256
39346408075296537581599
39346408075296537680400
39346408075296537686575
39346408075296539464992
39346408075296539576143
39346408075296571587648
39346408075296573588367
39346408075297149795456
39346408075297185808399
39346408075307557536000
39346408075308205768975
39346408075494896865792
39346408075506565059343
39346408078867004802048
39346408079077032285967
39346408139564947654656
39346408143345442365199
39346409232127919001600
39346409300176823791375
39346428898261403246592
39346430123141689462543
39346782888664119656448
39346804936509271543567
39353154715913015033856
39353551577125749001999
39467847606393131827200
39474991108222343253775
41660902667961039785743
708235345355337676357632
708235345355337676357650
708235345355337676357651
708235345355337676357956
708235345355337676357975
708235345355337676363464
708235345355337676363807
708235345355337676462608
708235345355337676468783
708235345355337678247200
708235345355337678358351
708235345355337710369856
708235345355337712370575
708235345355338288577664
708235345355338324590607
708235345355348696318208
708235345355349344551183
708235345355536035648000
708235345355547703841551
708235345358908143584256
708235345359118171068175
708235345419606086436864
708235345423386581147407
708235346512169057783808
708235346580217962573583
708235366178302542028800
708235367403182828244751
708235720168705258438656
708235742216550410325775
708242091995954153816064
708242488857166887784207
708356784886434270609408
708363928388263482035983
710421256915076372889600
710549839948002178567951
749896248023298716143375
12748236216396078174437376
12748236216396078174437394
12748236216396078174437395
12748236216396078174437700
12748236216396078174437719
12748236216396078174443208
12748236216396078174443551
12748236216396078174542352
12748236216396078174548527
12748236216396078176326944
12748236216396078176438095
12748236216396078208449600
12748236216396078210450319
12748236216396078786657408
12748236216396078822670351
12748236216396089194397952
12748236216396089842630927
12748236216396276533727744
12748236216396288201921295
12748236216399648641664000
12748236216399858669147919
12748236216460346584516608
12748236216464127079227151
12748236217552909555863552
12748236217620958460653327
12748236237219043040108544
12748236238443923326324495
12748236591209445756518400
12748236613257290908405519
12748242963036694651895808
12748243359897907385863951
12748357655927174768689152
12748364799429003980115727
12750422127955816870969344
12750550710988742676647695
12787582624471374712012800
12789897119064039214223119
13498132464419376890580751
229468251895129407139872768
229468251895129407139872786
229468251895129407139872787
229468251895129407139873092
229468251895129407139873111
229468251895129407139878600
229468251895129407139878943
229468251895129407139977744
229468251895129407139983919
229468251895129407141762336
229468251895129407141873487
229468251895129407173884992
229468251895129407175885711
229468251895129407752092800
229468251895129407788105743
229468251895129418159833344
229468251895129418808066319
229468251895129605499163136
229468251895129617167356687
229468251895132977607099392
229468251895133187634583311
229468251895193675549952000
229468251895197456044662543
229468251896286238521298944
229468251896354287426088719
229468251915952372005543936
229468251917177252291759887
229468252269942774721953792
229468252291990619873840911
229468258641770023617331200
229468259038631236351299343
229468373334660503734124544
229468380478162332945551119
229470437806689145836404736
229470566389722071642083087
229507598303204703677448192
229509912797797368179658511
230176487240484744816230400
230218148143152705856016143
242966384359548784030453519
4130428534112329328517709824
4130428534112329328517709842
4130428534112329328517709843
4130428534112329328517710148
4130428534112329328517710167
4130428534112329328517715656
4130428534112329328517715999
4130428534112329328517814800
4130428534112329328517820975
4130428534112329328519599392
4130428534112329328519710543
4130428534112329328551722048
4130428534112329328553722767
4130428534112329329129929856
4130428534112329329165942799
4130428534112329339537670400
4130428534112329340185903375
4130428534112329526877000192
4130428534112329538545193743
4130428534112332898984936448
4130428534112333109012420367
4130428534112393596927789056
4130428534112397377422499599
4130428534113486159899136000
4130428534113554208803925775
4130428534133152293383380992
4130428534134377173669596943
4130428534487142696099790848
4130428534509190541251677967
4130428540858969944995168256
4130428541255831157729136399
4130428655551860425111961600
4130428662695362254323388175
4130430720023889067214241792
4130430848606921993019920143
4130467880520404625055285248
4130470195014997289557495567
4131136769457684666194067456
4131178430360352627233853199
4143176770328725406692147200
4143926666576748705408290575
4373394918471878112548163343
74347713614021927913318776832
74347713614021927913318776850
74347713614021927913318776851
74347713614021927913318777156
74347713614021927913318777175
74347713614021927913318782664
74347713614021927913318783007
74347713614021927913318881808
74347713614021927913318887983
74347713614021927913320666400
74347713614021927913320777551
74347713614021927913352789056
74347713614021927913354789775
74347713614021927913930996864
74347713614021927913967009807
74347713614021927924338737408
74347713614021927924986970383
74347713614021928111678067200
74347713614021928123346260751
74347713614021931483786003456
74347713614021931693813487375
74347713614021992181728856064
74347713614021995962223566607
74347713614023084744700203008
74347713614023152793604992783
74347713614042750878184448000
74347713614043975758470663951
74347713614396741280900857856
74347713614418789126052744975
74347713620768568529796235264
74347713621165429742530203407
74347713735461459009913028608
74347713742604960839124455183
74347715799933487652015308800
74347715928516520577820987151
74347752960430003209856352256
74347755274924595874358562575
74348421849367283250995134464
74348463510269951212034920207
74360461850238323991493214208
74361211746486347290209357583
74577181865917057320458649600
74590679998381476697349230351
78721108532493806025866940175
1338258845052394702439737982976
1338258845052394702439737982994
1338258845052394702439737982995
1338258845052394702439737983300
1338258845052394702439737983319
1338258845052394702439737988808
1338258845052394702439737989151
1338258845052394702439738087952
1338258845052394702439738094127
1338258845052394702439739872544
1338258845052394702439739983695
1338258845052394702439771995200
1338258845052394702439773995919
1338258845052394702440350203008
1338258845052394702440386215951
1338258845052394702450757943552
1338258845052394702451406176527
1338258845052394702638097273344
1338258845052394702649765466895
1338258845052394706010205209600
1338258845052394706220232693519
1338258845052394766708148062208
1338258845052394770488642772751
1338258845052395859271119409152
1338258845052395927320024198927
1338258845052415525404603654144
1338258845052416750284889870095
1338258845052769515807320064000
1338258845052791563652471951119
1338258845059141343056215441408
1338258845059538204268949409551
1338258845173834233536332234752
1338258845180977735365543661327
1338258847238306262178434514944
1338258847366889295104240193295
1338258884398802777736275558400
1338258886713297370400777768719
1338259553287740057777414340608
1338259594948642725738454126351
1338271593288611098517912420352
1338272343184859121816628563727
1338488313304289831846877855744
1338501811436754251223768436495
1342389273586507031768255692800
1342632239970866580552286146319
1416979953584888508465604923151
24088659210943104643915283693568
24088659210943104643915283693586
24088659210943104643915283693587
24088659210943104643915283693892
24088659210943104643915283693911
24088659210943104643915283699400
24088659210943104643915283699743
24088659210943104643915283798544
24088659210943104643915283804719
24088659210943104643915285583136
24088659210943104643915285694287
24088659210943104643915317705792
24088659210943104643915319706511
24088659210943104643915895913600
24088659210943104643915931926543
24088659210943104643926303654144
24088659210943104643926951887119
24088659210943104644113642983936
24088659210943104644125311177487
24088659210943104647485750920192
24088659210943104647695778404111
24088659210943104708183693772800
24088659210943104711964188483343
24088659210943105800746665119744
24088659210943105868795569909519
24088659210943125466880149364736
24088659210943126691760435580687
24088659210943479457282865774592
24088659210943501505128017661711
24088659210949851284531761152000
24088659210950248145744495120143
24088659211064544175011877945344
24088659211071687676841089371919
24088659213129016203653980225536
24088659213257599236579785903887
24088659250289512719211821268992
24088659252604007311876323479311
24088659919178449999252960051200
24088659960839352667213999836943
24088671959179321039993458130944
24088672709075569063292174274319
24088888679194999773322423566336
24088902177327464192699314147087
24092789639477216973243801403392
24093032605861576522027831856911
24163006924557126571828602470400
24167380319475598449941150633743
25505639164527993152380888616719
433595865796975883590475106484224
433595865796975883590475106484242
433595865796975883590475106484243
433595865796975883590475106484548
433595865796975883590475106484567
433595865796975883590475106490056
433595865796975883590475106490399
433595865796975883590475106589200
433595865796975883590475106595375
433595865796975883590475108373792
433595865796975883590475108484943
433595865796975883590475140496448
433595865796975883590475142497167
433595865796975883590475718704256
433595865796975883590475754717199
433595865796975883590486126444800
433595865796975883590486774677775
433595865796975883590673465774592
433595865796975883590685133968143
433595865796975883594045573710848
433595865796975883594255601194767
433595865796975883654743516563456
433595865796975883658524011273999
433595865796975884747306487910400
433595865796975884815355392700175
433595865796975904413439972155392
433595865796975905638320258371343
433595865796976258403842688565248
433595865796976280451687840452367
433595865796982630231091583942656
433595865796983027092304317910799
433595865797097323121571700736000
433595865797104466623400912162575
433595865799161795150213803016192
433595865799290378183139608694543
433595865836322291665771644059648
433595865838636786258436146269967
433595866505211228945812782841856
433595866546872131613773822627599
433595878545212099986553280921600
433595879295108348009851997064975
433596095265227778719882246356992
433596108763360243139259136937743
433599996225509995919803624194048
433600239191894355468587654647567
433670213510589905518388425261056
433674586905508377396500973424399
434934124642028278292914844467200
435012845750560772098940711407375
459101504961503876742855995100943
7804725584345565904628551916716032
7804725584345565904628551916716050
7804725584345565904628551916716051
7804725584345565904628551916716356
7804725584345565904628551916716375
7804725584345565904628551916721864
7804725584345565904628551916722207
7804725584345565904628551916821008
7804725584345565904628551916827183
7804725584345565904628551918605600
7804725584345565904628551918716751
7804725584345565904628551950728256
7804725584345565904628551952728975
7804725584345565904628552528936064
7804725584345565904628552564949007
7804725584345565904628562936676608
7804725584345565904628563584909583
7804725584345565904628750276006400
7804725584345565904628761944199951
7804725584345565904632122383942656
7804725584345565904632332411426575
7804725584345565904692820326795264
7804725584345565904696600821505807
7804725584345565905785383298142208
7804725584345565905853432202931983
7804725584345565925451516782387200
7804725584345565926676397068603151
7804725584345566279441919498797056
7804725584345566301489764650684175
7804725584345572651269168394174464
7804725584345573048130381128142607
7804725584345687344159648510967808
7804725584345694487661477722394383
7804725584347751816188290613248000
7804725584347880399221216418926351
7804725584384912312703848454291456
7804725584387226807296512956501775
7804725585053801249983889593073664
7804725585095462152651850632859407
7804725597093802121024630091153408
7804725597843698369047928807296783
7804725813813817799757959056588800
7804725827311950264177335947169551
7804729714774100016957880434425856
7804729957740484376506664464879375
7804799932059179926556465235492864
7804804305454098398434577783656207
7806063843190618299330991654699008
7806142564299150793137017521639183
7828814243556509009272467200409600
7830231223510093897780932805332751
8263827089307069781371407911816975
140485060518220186283313934500888576
140485060518220186283313934500888594
140485060518220186283313934500888595
140485060518220186283313934500888900
140485060518220186283313934500888919
140485060518220186283313934500894408
140485060518220186283313934500894751
140485060518220186283313934500993552
140485060518220186283313934500999727
140485060518220186283313934502778144
140485060518220186283313934502889295
140485060518220186283313934534900800
140485060518220186283313934536901519
140485060518220186283313935113108608
140485060518220186283313935149121551
140485060518220186283313945520849152
140485060518220186283313946169082127
140485060518220186283314132860178944
140485060518220186283314144528372495
140485060518220186283317504968115200
140485060518220186283317714995599119
140485060518220186283378202910967808
140485060518220186283381983405678351
140485060518220186284470765882314752
140485060518220186284538814787104527
140485060518220186304136899366559744
140485060518220186305361779652775695
140485060518220186658127302082969600
140485060518220186680175147234856719
140485060518220193029954550978347008
140485060518220193426815763712315151
140485060518220307722845031095140352
140485060518220314866346860306566927
140485060518222372194873673197420544
140485060518222500777906599003098895
140485060518259532691389231038464000
140485060518261847185981895540674319
140485060518928421628669272177246208
140485060518970082531337233217031951
140485060530968422499710012675325952
140485060531718318747733311391469327
140485060747688438178443341640761344
140485060761186570642862718531342095
140485064648648720395643263018598400
140485064891615104755192047049051919
140485134865933800305241847819665408
140485139239328718777119960367828751
140486398777065238678016374238871552
140486477498173771171822400105811727
140509149177431129387957849784582144
140510566157384714276466315389505295
140918656384017162166904409607372800
140944162023181690160056790495989519
148748887607527256064685342412705551
2528731089327963353099650821015994368
2528731089327963353099650821015994386
2528731089327963353099650821015994387
2528731089327963353099650821015994692
2528731089327963353099650821015994711
2528731089327963353099650821016000200
2528731089327963353099650821016000543
2528731089327963353099650821016099344
2528731089327963353099650821016105519
2528731089327963353099650821017883936
2528731089327963353099650821017995087
2528731089327963353099650821050006592
2528731089327963353099650821052007311
2528731089327963353099650821628214400
2528731089327963353099650821664227343
2528731089327963353099650832035954944
2528731089327963353099650832684187919
2528731089327963353099651019375284736
2528731089327963353099651031043478287
2528731089327963353099654391483220992
2528731089327963353099654601510704911
2528731089327963353099715089426073600
2528731089327963353099718869920784143
2528731089327963353100807652397420544
2528731089327963353100875701302210319
2528731089327963353120473785881665536
2528731089327963353121698666167881487
2528731089327963353474464188598075392
2528731089327963353496512033749962511
2528731089327963359846291437493452800
2528731089327963360243152650227420943
2528731089327963474539181917610246144
2528731089327963481682683746821672719
2528731089327965539011210559712526336
2528731089327965667594243485518204687
2528731089328002699507726117553569792
2528731089328005014002318782055780111
2528731089328671588445006158692352000
2528731089328713249347674119732137743
2528731089340711589316046899190431744
2528731089341461485564070197906575119
2528731089557431604994780228155867136
2528731089570929737459199605046447887
2528731093458391887211980149533704192
2528731093701358271571528933564157711
2528731163675676967121578734334771200
2528731168049071885593456846882934543
2528732427586808405494353260753977344
2528732506307916937988159286620917519
2528755177987174296204294736299687936
2528756594967127881092803201904611087
2529164685193760328983241296122478592
2529190190832924856976393677011095311
2536535814912308919004279372932710400
2536994916417270422881022228927811343
2677479976935490609164336163428699919
45517159607903340355793714778287898624
45517159607903340355793714778287898642
45517159607903340355793714778287898643
45517159607903340355793714778287898948
45517159607903340355793714778287898967
45517159607903340355793714778287904456
45517159607903340355793714778287904799
45517159607903340355793714778288003600
45517159607903340355793714778288009775
45517159607903340355793714778289788192
45517159607903340355793714778289899343
45517159607903340355793714778321910848
45517159607903340355793714778323911567
45517159607903340355793714778900118656
45517159607903340355793714778936131599
45517159607903340355793714789307859200
45517159607903340355793714789956092175
45517159607903340355793714976647188992
45517159607903340355793714988315382543
45517159607903340355793718348755125248
45517159607903340355793718558782609167
45517159607903340355793779046697977856
45517159607903340355793782827192688399
45517159607903340355794871609669324800
45517159607903340355794939658574114575
45517159607903340355814537743153569792
45517159607903340355815762623439785743
45517159607903340356168528145869979648
45517159607903340356190575991021866767
45517159607903340362540355394765357056
45517159607903340362937216607499325199
45517159607903340477233245874882150400
45517159607903340484376747704093576975
45517159607903342541705274516984430592
45517159607903342670288307442790108943
45517159607903379702201790074825474048
45517159607903382016696382739327684367
45517159607904048591139070115964256256
45517159607904090252041738077004041999
45517159607916088592010110856462336000
45517159607916838488258134155178479375
45517159608132808607688844185427771392
45517159608146306740153263562318352143
45517159612033768889906044106805608448
45517159612276735274265592890836061967
45517159682251053969815642691606675456
45517159686624448888287520804154838799
45517160946162185408188417218025881600
45517161024883293940682223243892821775
45517183696562551298898358693571592192
45517185113542504883786867159176515343
45517593203769137331677305253394382848
45517618709408301859670457634282999567
45524964333487685921698343330204614656
45525423434992647425575086186199715599
45657644668421560542077028712788787200
45665908495510867611858400120700604175
48194639584838830964958050941716598543
