1048576
1099511627776
1099512676352
1152921504606846976
1152921504607895552
1152922604118474752
1208925819614629174706176
1208925819614629175754752
1208925819615728686333952
1208926972536133781553152
1267650600228229401496703205376
1267650600228229401496704253952
1267650600228229402596214833152
1267650600229382323001310052352
1267651809154049016125877911552
1329227995784915872903807060280344576
1329227995784915872903807060281393152
1329227995784915872903808159791972352
1329227995784915874056728564887191552
1329227995786124798723421689455050752
1329229263435516101133208556983549952
