256
257
65536
65792
16777216
16777472
16842752
4294967296
4294967552
4295032832
4311744512
1099511627776
1099511628032
1099511693312
1099528404992
1103806595072
281474976710656
281474976710912
281474976776192
281474993487872
281479271677952
282574488338432
72057594037927936
72057594037928192
72057594037993472
72057594054705152
72057598332895232
72058693549555712
72339069014638592
18446744073709551616
18446744073709551872
18446744073709617152
18446744073726328832
18446744078004518912
18446745173221179392
18447025548686262272
18518801667747479552
4722366482869645213696
4722366482869645213952
4722366482869645279232
4722366482869661990912
4722366482873940180992
4722366483969156841472
4722366764344621924352
4722438540463683141632
4740813226943354765312
1208925819614629174706176
1208925819614629174706432
1208925819614629174771712
1208925819614629191483392
1208925819614633469673472
1208925819615728686333952
1208925819896104151416832
1208925891672223212634112
1208944266358702884257792
1213648186097498819919872
309485009821345068724781056
309485009821345068724781312
309485009821345068724846592
309485009821345068741558272
309485009821345073019748352
309485009821346168236408832
309485009821626543701491712
309485009893402662762708992
309485028268089142434332672
309489732187827938369994752
310693935640959697899487232
79228162514264337593543950336
79228162514264337593543950592
79228162514264337593544015872
79228162514264337593560727552
79228162514264337597838917632
79228162514264338693055578112
79228162514264619068520660992
79228162514336395187581878272
79228162532711081667253501952
79228167236630820463189164032
79229371440083952222718656512
79537647524085682662268731392
20282409603651670423947251286016
20282409603651670423947251286272
20282409603651670423947251351552
20282409603651670423947268063232
20282409603651670423951546253312
20282409603651670425046762913792
20282409603651670705422227996672
20282409603651742481541289213952
20282409603670117168020960837632
20282409608374036906816896499712
20282410812577490038576425992192
20282719088661491769015976067072
20361637766165934761540795236352
5192296858534827628530496329220096
5192296858534827628530496329220352
5192296858534827628530496329285632
5192296858534827628530496345997312
5192296858534827628530500624187392
5192296858534827628531595840847872
5192296858534827628811971305930752
5192296858534827700588090367148032
5192296858534846075274570038771712
5192296858539549995013365974433792
5192296859743753448145125503926272
5192297168019837449875565054001152
5192376086697341892868089873170432
5212579268138479298954443580506112
1329227995784915872903807060280344576
1329227995784915872903807060280344832
1329227995784915872903807060280410112
1329227995784915872903807060297121792
1329227995784915872903807064575311872
1329227995784915872903808159791972352
1329227995784915872904088535257055232
1329227995784915872975864654318272512
1329227995784915891350551133989896192
1329227995784920595270289929925558272
1329227995786124798723421689455050752
1329227996094400882725152129005125632
1329228075013078387168144653824294912
1329248278194519524574231007531630592
1334420292643450700532337556609564672
340282366920938463463374607431768211456
340282366920938463463374607431768211712
340282366920938463463374607431768276992
340282366920938463463374607431784988672
340282366920938463463374607436063178752
340282366920938463463374608531279839232
340282366920938463463374888906744922112
340282366920938463463446665025806139392
340282366920938463481821351505477763072
340282366920938468185741090301413425152
340282366920939672389194222060942917632
340282366921247948473195952500492992512
340282367000166625977638945025312161792
340282387203348067115045031379019497472
340287559217796998291003137928097431552
341611594916723379336278414492048556032
