256
273
4096
4112
4113
4369
65536
65552
65553
65792
65809
69905
1048576
1048592
1048593
1048832
1048849
1052672
1052945
1118481
16777216
16777232
16777233
16777472
16777489
16781312
16781585
16842752
16847121
17895697
268435456
268435472
268435473
268435712
268435729
268439552
268439825
268500992
268505361
269484032
269553937
286331153
4294967296
4294967312
4294967313
4294967552
4294967569
4294971392
4294971665
4295032832
4295037201
4296015872
4296085777
4311744512
4312862993
4581298449
68719476736
68719476752
68719476753
68719476992
68719477009
68719480832
68719481105
68719542272
68719546641
68720525312
68720595217
68736253952
68737372433
68987912192
69005807889
73300775185
1099511627776
1099511627792
1099511627793
1099511628032
1099511628049
1099511631872
1099511632145
1099511693312
1099511697681
1099512676352
1099512746257
1099528404992
1099529523473
1099780063232
1099797958929
1103806595072
1104092926225
1172812402961
17592186044416
17592186044432
17592186044433
17592186044672
17592186044689
17592186048512
17592186048785
17592186109952
17592186114321
17592187092992
17592187162897
17592202821632
17592203940113
17592454479872
17592472375569
17596481011712
17596767342865
17660905521152
17665486819601
18764998447377
281474976710656
281474976710672
281474976710673
281474976710912
281474976710929
281474976714752
281474976715025
281474976776192
281474976780561
281474977759232
281474977829137
281474993487872
281474994606353
281475245146112
281475263041809
281479271677952
281479558009105
281543696187392
281548277485841
282574488338432
282647789113617
300239975158033
4503599627370496
4503599627370512
4503599627370513
4503599627370752
4503599627370769
4503599627374592
4503599627374865
4503599627436032
4503599627440401
4503599628419072
4503599628488977
4503599644147712
4503599645266193
4503599895805952
4503599913701649
4503603922337792
4503604208668945
4503668346847232
4503672928145681
4504699138998272
4504772439773457
4521191813414912
4522364625817873
4803839602528529
72057594037927936
72057594037927952
72057594037927953
72057594037928192
72057594037928209
72057594037932032
72057594037932305
72057594037993472
72057594037997841
72057594038976512
72057594039046417
72057594054705152
72057594055823633
72057594306363392
72057594324259089
72057598332895232
72057598619226385
72057662757404672
72057667338703121
72058693549555712
72058766850330897
72075186223972352
72076359036375313
72339069014638592
72357834013085969
76861433640456465
1152921504606846976
1152921504606846992
1152921504606846993
1152921504606847232
1152921504606847249
1152921504606851072
1152921504606851345
1152921504606912512
1152921504606916881
1152921504607895552
1152921504607965457
1152921504623624192
1152921504624742673
1152921504875282432
1152921504893178129
1152921508901814272
1152921509188145425
1152921573326323712
1152921577907622161
1152922604118474752
1152922677419249937
1152939096792891392
1152940269605294353
1153202979583557632
1153221744582005009
1157425104234217472
1157725344209375505
1229782938247303441
18446744073709551616
18446744073709551632
18446744073709551633
18446744073709551872
18446744073709551889
18446744073709555712
18446744073709555985
18446744073709617152
18446744073709621521
18446744073710600192
18446744073710670097
18446744073726328832
18446744073727447313
18446744073977987072
18446744073995882769
18446744078004518912
18446744078290850065
18446744142429028352
18446744147010326801
18446745173221179392
18446745246521954577
18446761665895596032
18446762838707998993
18447025548686262272
18447044313684709649
18451247673336922112
18451547913312080145
18518801667747479552
18523605507350008081
19676527011956855057
295147905179352825856
295147905179352825872
295147905179352825873
295147905179352826112
295147905179352826129
295147905179352829952
295147905179352830225
295147905179352891392
295147905179352895761
295147905179353874432
295147905179353944337
295147905179369603072
295147905179370721553
295147905179621261312
295147905179639157009
295147905183647793152
295147905183934124305
295147905248072302592
295147905252653601041
295147906278864453632
295147906352165228817
295147922771538870272
295147923944351273233
295148186654329536512
295148205419327983889
295152408778980196352
295152709018955354385
295219962773390753792
295224766612993282321
296300826683959672832
296377688117600129297
314824432191309680913
4722366482869645213696
4722366482869645213712
4722366482869645213713
4722366482869645213952
4722366482869645213969
4722366482869645217792
4722366482869645218065
4722366482869645279232
4722366482869645283601
4722366482869646262272
4722366482869646332177
4722366482869661990912
4722366482869663109393
4722366482869913649152
4722366482869931544849
4722366482873940180992
4722366482874226512145
4722366482938364690432
4722366482942945988881
4722366483969156841472
4722366484042457616657
4722366500461831258112
4722366501634643661073
4722366764344621924352
4722366783109620371729
4722370986469272584192
4722371286709247742225
4722438540463683141632
4722443344303285670161
4723519404374252060672
4723596265807892517137
4740813226943354765312
4742043009881602068753
5037190915060954894609
75557863725914323419136
75557863725914323419152
75557863725914323419153
75557863725914323419392
75557863725914323419409
75557863725914323423232
75557863725914323423505
75557863725914323484672
75557863725914323489041
75557863725914324467712
75557863725914324537617
75557863725914340196352
75557863725914341314833
75557863725914591854592
75557863725914609750289
75557863725918618386432
75557863725918904717585
75557863725983042895872
75557863725987624194321
75557863727013835046912
75557863727087135822097
75557863743506509463552
75557863744679321866513
75557864007389300129792
75557864026154298577169
75557868229513950789632
75557868529753925947665
75557935783508361347072
75557940587347963875601
75559016647418930266112
75559093508852570722577
75576310469988032970752
75577540252926280274193
75853011631093676244992
75872688158105633100049
80595054640975278313745
1208925819614629174706176
1208925819614629174706192
1208925819614629174706193
1208925819614629174706432
1208925819614629174706449
1208925819614629174710272
1208925819614629174710545
1208925819614629174771712
1208925819614629174776081
1208925819614629175754752
1208925819614629175824657
1208925819614629191483392
1208925819614629192601873
1208925819614629443141632
1208925819614629461037329
1208925819614633469673472
1208925819614633756004625
1208925819614697894182912
1208925819614702475481361
1208925819615728686333952
1208925819615801987109137
1208925819632221360750592
1208925819633394173153553
1208925819896104151416832
1208925819914869149864209
1208925824118228802076672
1208925824418468777234705
1208925891672223212634112
1208925896476062815162641
1208926972536133781553152
1208927049397567422009617
1208944266358702884257792
1208945496141641131561233
1209220967519808527532032
1209240644046820484387089
1213648186097498819919872
1213963010529690129600785
1289520874255604453019921
19342813113834066795298816
19342813113834066795298832
19342813113834066795298833
19342813113834066795299072
19342813113834066795299089
19342813113834066795302912
19342813113834066795303185
19342813113834066795364352
19342813113834066795368721
19342813113834066796347392
19342813113834066796417297
19342813113834066812076032
19342813113834066813194513
19342813113834067063734272
19342813113834067081629969
19342813113834071090266112
19342813113834071376597265
19342813113834135514775552
19342813113834140096074001
19342813113835166306926592
19342813113835239607701777
19342813113851658981343232
19342813113852831793746193
19342813114115541772009472
19342813114134306770456849
19342813118337666422669312
19342813118637906397827345
19342813185891660833226752
19342813190695500435755281
19342814266755571402145792
19342814343617005042602257
19342831560578140504850432
19342832790361078752153873
19343108261739246148124672
19343127938266258104979729
19347535480316936440512512
19347850304749127750193425
19418370977559981118717952
19423408168475042073612561
20632333988089671248318737
309485009821345068724781056
309485009821345068724781072
309485009821345068724781073
309485009821345068724781312
309485009821345068724781329
309485009821345068724785152
309485009821345068724785425
309485009821345068724846592
309485009821345068724850961
309485009821345068725829632
309485009821345068725899537
309485009821345068741558272
309485009821345068742676753
309485009821345068993216512
309485009821345069011112209
309485009821345073019748352
309485009821345073306079505
309485009821345137444257792
309485009821345142025556241
309485009821346168236408832
309485009821346241537184017
309485009821362660910825472
309485009821363833723228433
309485009821626543701491712
309485009821645308699939089
309485009825848668352151552
309485009826148908327309585
309485009893402662762708992
309485009898206502365237521
309485010974266573331628032
309485011051128006972084497
309485028268089142434332672
309485029497872080681636113
309485304969250248077606912
309485324645777260034461969
309489732187827938369994752
309490047012260129679675665
309560567685070983048200192
309565604875986044003094801
310693935640959697899487232
310774530695600673177800977
330117343809434739973099793
4951760157141521099596496896
4951760157141521099596496912
4951760157141521099596496913
4951760157141521099596497152
4951760157141521099596497169
4951760157141521099596500992
4951760157141521099596501265
4951760157141521099596562432
4951760157141521099596566801
4951760157141521099597545472
4951760157141521099597615377
4951760157141521099613274112
4951760157141521099614392593
4951760157141521099864932352
4951760157141521099882828049
4951760157141521103891464192
4951760157141521104177795345
4951760157141521168315973632
4951760157141521172897272081
4951760157141522199108124672
4951760157141522272408899857
4951760157141538691782541312
4951760157141539864594944273
4951760157141802574573207552
4951760157141821339571654929
4951760157146024699223867392
4951760157146324939199025425
4951760157213578693634424832
4951760157218382533236953361
4951760158294442604203343872
4951760158371304037843800337
4951760175588265173306048512
4951760176818048111553351953
4951760452289426278949322752
4951760471965953290906177809
4951764879508003969241710592
4951765194332436160551391505
4951835715005247013919916032
4951840752196162074874810641
4952969082961135728771203072
4953049678015776704049516817
4971102970255355166391795712
4972392491129610770844815633
5281877500950955839569596689
79228162514264337593543950336
79228162514264337593543950352
79228162514264337593543950353
79228162514264337593543950592
79228162514264337593543950609
79228162514264337593543954432
79228162514264337593543954705
79228162514264337593544015872
79228162514264337593544020241
79228162514264337593544998912
79228162514264337593545068817
79228162514264337593560727552
79228162514264337593561846033
79228162514264337593812385792
79228162514264337593830281489
79228162514264337597838917632
79228162514264337598125248785
79228162514264337662263427072
79228162514264337666844725521
79228162514264338693055578112
79228162514264338766356353297
79228162514264355185729994752
79228162514264356358542397713
79228162514264619068520660992
79228162514264637833519108369
79228162514268841193171320832
79228162514269141433146478865
79228162514336395187581878272
79228162514341199027184406801
79228162515417259098150797312
79228162515494120531791253777
79228162532711081667253501952
79228162533940864605500805393
79228162809412242772896776192
79228162829088769784853631249
79228167236630820463189164032
79228167551455252654498844945
79228238072128063507867369472
79228243109318978568822264081
79229371440083952222718656512
79229452035138593197996970257
79247505327378171660339249152
79248794848252427264792269073
79537647524085682662268731392
79558279858073772333517050129
84510040015215293433113547025
1267650600228229401496703205376
1267650600228229401496703205392
1267650600228229401496703205393
1267650600228229401496703205632
1267650600228229401496703205649
1267650600228229401496703209472
1267650600228229401496703209745
1267650600228229401496703270912
1267650600228229401496703275281
1267650600228229401496704253952
1267650600228229401496704323857
1267650600228229401496719982592
1267650600228229401496721101073
1267650600228229401496971640832
1267650600228229401496989536529
1267650600228229401500998172672
1267650600228229401501284503825
1267650600228229401565422682112
1267650600228229401570003980561
1267650600228229402596214833152
1267650600228229402669515608337
1267650600228229419088889249792
1267650600228229420261701652753
1267650600228229682971679916032
1267650600228229701736678363409
1267650600228233905096330575872
1267650600228234205336305733905
1267650600228301459090741133312
1267650600228306262930343661841
1267650600229382323001310052352
1267650600229459184434950508817
1267650600246676145570412756992
1267650600247905928508660060433
1267650600523377306676056031232
1267650600543053833688012886289
1267650604950595884366348419072
1267650605265420316557658099985
1267650675786093127411026624512
1267650680823284042471981519121
1267651809154049016125877911552
1267651889749103657101156225297
1267669943041343235563498504192
1267671232562217491167951524113
1267960085238050746565427986432
1267980717572038836236676305169
1272602360385370922596299702272
1272932477729180357336272802065
1352160640243444694929816752401
20282409603651670423947251286016
20282409603651670423947251286032
20282409603651670423947251286033
20282409603651670423947251286272
20282409603651670423947251286289
20282409603651670423947251290112
20282409603651670423947251290385
20282409603651670423947251351552
20282409603651670423947251355921
20282409603651670423947252334592
20282409603651670423947252404497
20282409603651670423947268063232
20282409603651670423947269181713
20282409603651670423947519721472
20282409603651670423947537617169
20282409603651670423951546253312
20282409603651670423951832584465
20282409603651670424015970762752
20282409603651670424020552061201
20282409603651670425046762913792
20282409603651670425120063688977
20282409603651670441539437330432
20282409603651670442712249733393
20282409603651670705422227996672
20282409603651670724187226444049
20282409603651674927546878656512
20282409603651675227786853814545
20282409603651742481541289213952
20282409603651747285380891742481
20282409603652823345451858132992
20282409603652900206885498589457
20282409603670117168020960837632
20282409603671346950959208141073
20282409603946818329126604111872
20282409603966494856138560966929
20282409608374036906816896499712
20282409608688861339008206180625
20282409679209534149861574705152
20282409684246725064922529599761
20282410812577490038576425992192
20282410893172544679551704305937
20282428946464784258014046584832
20282430235985658513618499604753
20282719088661491769015976067072
20282739720995479858687224385809
20287361363808811945046847782912
20287691481152621379786820882705
20361637766165934761540795236352
20366919643666885717380364833041
21634570243895115118877068038417
324518553658426726783156020576256
324518553658426726783156020576272
324518553658426726783156020576273
324518553658426726783156020576512
324518553658426726783156020576529
324518553658426726783156020580352
324518553658426726783156020580625
324518553658426726783156020641792
324518553658426726783156020646161
324518553658426726783156021624832
324518553658426726783156021694737
324518553658426726783156037353472
324518553658426726783156038471953
324518553658426726783156289011712
324518553658426726783156306907409
324518553658426726783160315543552
324518553658426726783160601874705
324518553658426726783224740052992
324518553658426726783229321351441
324518553658426726784255532204032
324518553658426726784328832979217
324518553658426726800748206620672
324518553658426726801921019023633
324518553658426727064630997286912
324518553658426727083395995734289
324518553658426731286755647946752
324518553658426731586995623104785
324518553658426798840750058504192
324518553658426803644589661032721
324518553658427879704660627423232
324518553658427956566094267879697
324518553658445173527229730127872
324518553658446403310167977431313
324518553658721874688335373402112
324518553658741551215347330257169
324518553663149093266025665789952
324518553663463917698216975470865
324518553733984590509070343995392
324518553739021781424131298890001
324518554867352546397785195282432
324518554947947601038760473596177
324518573001239840617222815875072
324518574290760714872827268894993
324518863143436548128224745357312
324518883775770536217895993676049
324523505418583868304255617073152
324523835535927677738995590172945
324597781820940991120749564526592
324603063698441942076589134123281
325786204258654956184652723781632
325870714298670171478085837328657
346153123902321841902033088614673
5192296858534827628530496329220096
5192296858534827628530496329220112
5192296858534827628530496329220113
5192296858534827628530496329220352
5192296858534827628530496329220369
5192296858534827628530496329224192
5192296858534827628530496329224465
5192296858534827628530496329285632
5192296858534827628530496329290001
5192296858534827628530496330268672
5192296858534827628530496330338577
5192296858534827628530496345997312
5192296858534827628530496347115793
5192296858534827628530496597655552
5192296858534827628530496615551249
5192296858534827628530500624187392
5192296858534827628530500910518545
5192296858534827628530565048696832
5192296858534827628530569629995281
5192296858534827628531595840847872
5192296858534827628531669141623057
5192296858534827628548088515264512
5192296858534827628549261327667473
5192296858534827628811971305930752
5192296858534827628830736304378129
5192296858534827633034095956590592
5192296858534827633334335931748625
5192296858534827700588090367148032
5192296858534827705391929969676561
5192296858534828781452000936067072
5192296858534828858313434576523537
5192296858534846075274570038771712
5192296858534847305057508286075153
5192296858535122776435675682045952
5192296858535142452962687638901009
5192296858539549995013365974433792
5192296858539864819445557284114705
5192296858610385492256410652639232
5192296858615422683171471607533841
5192296859743753448145125503926272
5192296859824348502786100782240017
5192296877877640742364563124518912
5192296879167161616620167577538833
5192297168019837449875565054001152
5192297188652171437965236302319889
5192301810294984770051595925716992
5192302140412328579486335898816785
5192376086697341892868089873170432
5192381368574842843823929442767121
5193564509135055857931993032425472
5193649019175071073225426145972497
5212579268138479298954443580506112
5213931428778722743649373397258513
5538449982437149470432529417834769
83076749736557242056487941267521536
83076749736557242056487941267521552
83076749736557242056487941267521553
83076749736557242056487941267521792
83076749736557242056487941267521809
83076749736557242056487941267525632
83076749736557242056487941267525905
83076749736557242056487941267587072
83076749736557242056487941267591441
83076749736557242056487941268570112
83076749736557242056487941268640017
83076749736557242056487941284298752
83076749736557242056487941285417233
83076749736557242056487941535956992
83076749736557242056487941553852689
83076749736557242056487945562488832
83076749736557242056487945848819985
83076749736557242056488009986998272
83076749736557242056488014568296721
83076749736557242056489040779149312
83076749736557242056489114079924497
83076749736557242056505533453565952
83076749736557242056506706265968913
83076749736557242056769416244232192
83076749736557242056788181242679569
83076749736557242060991540894892032
83076749736557242061291780870050065
83076749736557242128545535305449472
83076749736557242133349374907978001
83076749736557243209409445874368512
83076749736557243286270879514824977
83076749736557260503232014977073152
83076749736557261733014953224376593
83076749736557537204393120620347392
83076749736557556880920132577202449
83076749736561964422970810912735232
83076749736562279247403002222416145
83076749736632799920213855590940672
83076749736637837111128916545835281
83076749737766167876102570442227712
83076749737846762930743545720541457
83076749755900055170322008062820352
83076749757189576044577612515840273
83076750046042251877833009992302592
83076750066674585865922681240621329
83076754688317399198009040864018432
83076755018434743007443780837118225
83076828964719756320825534811471872
83076834246597257271781374381068561
83078017387157470285889437970726912
83078101897197485501182871084273937
83097032146160893726911888518807552
83098384306801137171606818335559953
83401268290215668783271097288097792
83422902860459563898389974356136209
88615199718994391526920470685356305
1329227995784915872903807060280344576
1329227995784915872903807060280344592
1329227995784915872903807060280344593
1329227995784915872903807060280344832
1329227995784915872903807060280344849
1329227995784915872903807060280348672
1329227995784915872903807060280348945
1329227995784915872903807060280410112
1329227995784915872903807060280414481
1329227995784915872903807060281393152
1329227995784915872903807060281463057
1329227995784915872903807060297121792
1329227995784915872903807060298240273
1329227995784915872903807060548780032
1329227995784915872903807060566675729
1329227995784915872903807064575311872
1329227995784915872903807064861643025
1329227995784915872903807128999821312
1329227995784915872903807133581119761
1329227995784915872903808159791972352
1329227995784915872903808233092747537
1329227995784915872903824652466388992
1329227995784915872903825825278791953
1329227995784915872904088535257055232
1329227995784915872904107300255502609
1329227995784915872908310659907715072
1329227995784915872908610899882873105
1329227995784915872975864654318272512
1329227995784915872980668493920801041
1329227995784915874056728564887191552
1329227995784915874133589998527648017
1329227995784915891350551133989896192
1329227995784915892580334072237199633
1329227995784916168051712239633170432
1329227995784916187728239251590025489
1329227995784920595270289929925558272
1329227995784920910094722121235239185
1329227995784991430767532974603763712
1329227995784996467958448035558658321
1329227995786124798723421689455050752
1329227995786205393778062664733364497
1329227995804258686017641127075643392
1329227995805548206891896731528663313
1329227996094400882725152129005125632
1329227996115033216713241800253444369
1329228000736676030045328159876841472
1329228001066793373854762899849941265
1329228075013078387168144653824294912
1329228080294955888119100493393891601
1329229263435516101133208556983549952
1329229347945556116348501990097096977
1329248278194519524574231007531630592
1329249630355159768018925937348382993
1329552514338574299630590216300920832
1329574148908818194745709093368959249
1334420292643450700532337556609564672
1334766445767353022374239589698179345
1417843195503910264430727530965700881
21267647932558653966460912964485513216
21267647932558653966460912964485513232
21267647932558653966460912964485513233
21267647932558653966460912964485513472
21267647932558653966460912964485513489
21267647932558653966460912964485517312
21267647932558653966460912964485517585
21267647932558653966460912964485578752
21267647932558653966460912964485583121
21267647932558653966460912964486561792
21267647932558653966460912964486631697
21267647932558653966460912964502290432
21267647932558653966460912964503408913
21267647932558653966460912964753948672
21267647932558653966460912964771844369
21267647932558653966460912968780480512
21267647932558653966460912969066811665
21267647932558653966460913033204989952
21267647932558653966460913037786288401
21267647932558653966460914063997140992
21267647932558653966460914137297916177
21267647932558653966460930556671557632
21267647932558653966460931729483960593
21267647932558653966461194439462223872
21267647932558653966461213204460671249
21267647932558653966465416564112883712
21267647932558653966465716804088041745
21267647932558653966532970558523441152
21267647932558653966537774398125969681
21267647932558653967613834469092360192
21267647932558653967690695902732816657
21267647932558653984907657038195064832
21267647932558653986137439976442368273
21267647932558654261608818143838339072
21267647932558654281285345155795194129
21267647932558658688827395834130726912
21267647932558659003651828025440407825
21267647932558729524324638878808932352
21267647932558734561515553939763826961
21267647932559862892280527593660219392
21267647932559943487335168568938533137
21267647932577996779574747031280812032
21267647932579286300449002635733831953
21267647932868138976282258033210294272
21267647932888771310270347704458613009
21267647937510414123602434064082010112
21267647937840531467411868804055109905
21267648011786816480725250558029463552
21267648017068693981676206397599060241
21267649200209254194690314461188718592
21267649284719294209905607894302265617
21267668214968257618131336911736799232
21267669567128897861576031841553551633
21267972451112312393187696120506089472
21267994085682556288302814997574127889
21272840229417188794089443460814733312
21273186382541091115931345493903347985
21350724682295211208517400905753034752
21356263132277648357987833435170869521
22685491128062564230891640495451214097
340282366920938463463374607431768211456
340282366920938463463374607431768211472
340282366920938463463374607431768211473
340282366920938463463374607431768211712
340282366920938463463374607431768211729
340282366920938463463374607431768215552
340282366920938463463374607431768215825
340282366920938463463374607431768276992
340282366920938463463374607431768281361
340282366920938463463374607431769260032
340282366920938463463374607431769329937
340282366920938463463374607431784988672
340282366920938463463374607431786107153
340282366920938463463374607432036646912
340282366920938463463374607432054542609
340282366920938463463374607436063178752
340282366920938463463374607436349509905
340282366920938463463374607500487688192
340282366920938463463374607505068986641
340282366920938463463374608531279839232
340282366920938463463374608604580614417
340282366920938463463374625023954255872
340282366920938463463374626196766658833
340282366920938463463374888906744922112
340282366920938463463374907671743369489
340282366920938463463379111031395581952
340282366920938463463379411271370739985
340282366920938463463446665025806139392
340282366920938463463451468865408667921
340282366920938463464527528936375058432
340282366920938463464604390370015514897
340282366920938463481821351505477763072
340282366920938463483051134443725066513
340282366920938463758522512611121037312
340282366920938463778199039623077892369
340282366920938468185741090301413425152
340282366920938468500565522492723106065
340282366920938539021238333346091630592
340282366920938544058429248407046525201
340282366920939672389194222060942917632
340282366920939752984248863036221231377
340282366920957806276488441498563510272
340282366920959095797362697103016530193
340282366921247948473195952500492992512
340282366921268580807184042171741311249
340282366925890223620516128531364708352
340282366926220340964325563271337808145
340282367000166625977638945025312161792
340282367005448503478589900864881758481
340282368188589063691604008928471416832
340282368273099103706819302361584963857
340282387203348067115045031379019497472
340282388555508707358489726308836249873
340282691439492121890101390587788787712
340282713074062365785216509464856826129
340287559217796998291003137928097431552
340287905370920900612845039961186046225
340365443670675020705431095373035732992
340370982120657457854901527902453567761
341611594916723379336278414492048556032
341700210116442373727805334962733912337
362967858049001027694266247927219425553
