125
126
15625
15750
1953125
1953250
1968750
244140625
244140750
244156250
246093750
30517578125
30517578250
30517593750
30519531250
30761718750
3814697265625
3814697265750
3814697281250
3814699218750
3814941406250
3845214843750
476837158203125
476837158203250
476837158218750
476837160156250
476837402343750
476867675781250
480651855468750
59604644775390625
59604644775390750
59604644775406250
59604644777343750
59604645019531250
59604675292968750
59608459472656250
60081481933593750
7450580596923828125
7450580596923828250
7450580596923843750
7450580596925781250
7450580597167968750
7450580627441406250
7450584411621093750
7451057434082031250
7510185241699218750
931322574615478515625
931322574615478515750
931322574615478531250
931322574615480468750
931322574615722656250
931322574645996093750
931322578430175781250
931323051452636718750
931382179260253906250
938773155212402343750
116415321826934814453125
116415321826934814453250
116415321826934814468750
116415321826934816406250
116415321826935058593750
116415321826965332031250
116415321830749511718750
116415322303771972656250
116415381431579589843750
116422772407531738281250
117346644401550292968750
14551915228366851806640625
14551915228366851806640750
14551915228366851806656250
14551915228366851808593750
14551915228366852050781250
14551915228366882324218750
14551915228370666503906250
14551915228843688964843750
14551915287971496582031250
14551922678947448730468750
14552846550941467285156250
14668330550193786621093750
1818989403545856475830078125
1818989403545856475830078250
1818989403545856475830093750
1818989403545856475832031250
1818989403545856476074218750
1818989403545856506347656250
1818989403545860290527343750
1818989403546333312988281250
1818989403605461120605468750
1818989410996437072753906250
1818990334868431091308593750
1819105818867683410644531250
1833541318774223327636718750
227373675443232059478759765625
227373675443232059478759765750
227373675443232059478759781250
227373675443232059478761718750
227373675443232059479003906250
227373675443232059509277343750
227373675443232063293457031250
227373675443232536315917968750
227373675443291664123535156250
227373675450682640075683593750
227373676374554634094238281250
227373791858553886413574218750
227388227358460426330566406250
229192664846777915954589843750
28421709430404007434844970703125
28421709430404007434844970703250
28421709430404007434844970718750
28421709430404007434844972656250
28421709430404007434845214843750
28421709430404007434875488281250
28421709430404007438659667968750
28421709430404007911682128906250
28421709430404067039489746093750
28421709430411458015441894531250
28421709431335330009460449218750
28421709546819329261779785156250
28421723982319235801696777343750
28423528419807553291320800781250
28649083105847239494323730468750
3552713678800500929355621337890625
3552713678800500929355621337890750
3552713678800500929355621337906250
3552713678800500929355621339843750
3552713678800500929355621582031250
3552713678800500929355651855468750
3552713678800500929359436035156250
3552713678800500929832458496093750
3552713678800500988960266113281250
3552713678800508379936218261718750
3552713678801432251930236816406250
3552713678916916251182556152343750
3552713693352416157722473144531250
3552715497789904475212097167968750
3552941052475944161415100097656250
3581135388230904936790466308593750
444089209850062616169452667236328125
444089209850062616169452667236328250
444089209850062616169452667236343750
444089209850062616169452667238281250
444089209850062616169452667480468750
444089209850062616169452697753906250
444089209850062616169456481933593750
444089209850062616169929504394531250
444089209850062616229057312011718750
444089209850062623620033264160156250
444089209850063547492027282714843750
444089209850179031491279602050781250
444089209864614531397819519042968750
444089211669052019715309143066406250
444089437223738059401512145996093750
444117631559493020176887512207031250
447641923528863117098808288574218750
55511151231257827021181583404541015625
55511151231257827021181583404541015750
55511151231257827021181583404541031250
55511151231257827021181583404542968750
55511151231257827021181583404785156250
55511151231257827021181583435058593750
55511151231257827021181587219238281250
55511151231257827021182060241699218750
55511151231257827021241188049316406250
55511151231257827028632164001464843750
55511151231257827952504158020019531250
55511151231257943436503410339355468750
55511151231272378936409950256347656250
55511151233076816424727439880371093750
55511151458631502464413642883300781250
55511179652967257425189018249511718750
55514703944936627522110939025878906250
55955240441107889637351036071777343750
