25
31
125
130
131
156
625
630
631
650
656
781
3125
3130
3131
3150
3156
3250
3281
3906
15625
15630
15631
15650
15656
15750
15781
16250
16406
19531
78125
78130
78131
78150
78156
78250
78281
78750
78906
81250
82031
97656
390625
390630
390631
390650
390656
390750
390781
391250
391406
393750
394531
406250
410156
488281
1953125
1953130
1953131
1953150
1953156
1953250
1953281
1953750
1953906
1956250
1957031
1968750
1972656
2031250
2050781
2441406
9765625
9765630
9765631
9765650
9765656
9765750
9765781
9766250
9766406
9768750
9769531
9781250
9785156
9843750
9863281
10156250
10253906
12207031
48828125
48828130
48828131
48828150
48828156
48828250
48828281
48828750
48828906
48831250
48832031
48843750
48847656
48906250
48925781
49218750
49316406
50781250
51269531
61035156
244140625
244140630
244140631
244140650
244140656
244140750
244140781
244141250
244141406
244143750
244144531
244156250
244160156
244218750
244238281
244531250
244628906
246093750
246582031
253906250
256347656
305175781
1220703125
1220703130
1220703131
1220703150
1220703156
1220703250
1220703281
1220703750
1220703906
1220706250
1220707031
1220718750
1220722656
1220781250
1220800781
1221093750
1221191406
1222656250
1223144531
1230468750
1232910156
1269531250
1281738281
1525878906
6103515625
6103515630
6103515631
6103515650
6103515656
6103515750
6103515781
6103516250
6103516406
6103518750
6103519531
6103531250
6103535156
6103593750
6103613281
6103906250
6104003906
6105468750
6105957031
6113281250
6115722656
6152343750
6164550781
6347656250
6408691406
7629394531
30517578125
30517578130
30517578131
30517578150
30517578156
30517578250
30517578281
30517578750
30517578906
30517581250
30517582031
30517593750
30517597656
30517656250
30517675781
30517968750
30518066406
30519531250
30520019531
30527343750
30529785156
30566406250
30578613281
30761718750
30822753906
31738281250
32043457031
38146972656
152587890625
152587890630
152587890631
152587890650
152587890656
152587890750
152587890781
152587891250
152587891406
152587893750
152587894531
152587906250
152587910156
152587968750
152587988281
152588281250
152588378906
152589843750
152590332031
152597656250
152600097656
152636718750
152648925781
152832031250
152893066406
153808593750
154113769531
158691406250
160217285156
190734863281
762939453125
762939453130
762939453131
762939453150
762939453156
762939453250
762939453281
762939453750
762939453906
762939456250
762939457031
762939468750
762939472656
762939531250
762939550781
762939843750
762939941406
762941406250
762941894531
762949218750
762951660156
762988281250
763000488281
763183593750
763244628906
764160156250
764465332031
769042968750
770568847656
793457031250
801086425781
953674316406
3814697265625
3814697265630
3814697265631
3814697265650
3814697265656
3814697265750
3814697265781
3814697266250
3814697266406
3814697268750
3814697269531
3814697281250
3814697285156
3814697343750
3814697363281
3814697656250
3814697753906
3814699218750
3814699707031
3814707031250
3814709472656
3814746093750
3814758300781
3814941406250
3815002441406
3815917968750
3816223144531
3820800781250
3822326660156
3845214843750
3852844238281
3967285156250
4005432128906
4768371582031
19073486328125
19073486328130
19073486328131
19073486328150
19073486328156
19073486328250
19073486328281
19073486328750
19073486328906
19073486331250
19073486332031
19073486343750
19073486347656
19073486406250
19073486425781
19073486718750
19073486816406
19073488281250
19073488769531
19073496093750
19073498535156
19073535156250
19073547363281
19073730468750
19073791503906
19074707031250
19075012207031
19079589843750
19081115722656
19104003906250
19111633300781
19226074218750
19264221191406
19836425781250
20027160644531
23841857910156
95367431640625
95367431640630
95367431640631
95367431640650
95367431640656
95367431640750
95367431640781
95367431641250
95367431641406
95367431643750
95367431644531
95367431656250
95367431660156
95367431718750
95367431738281
95367432031250
95367432128906
95367433593750
95367434082031
95367441406250
95367443847656
95367480468750
95367492675781
95367675781250
95367736816406
95368652343750
95368957519531
95373535156250
95375061035156
95397949218750
95405578613281
95520019531250
95558166503906
96130371093750
96321105957031
99182128906250
100135803222656
119209289550781
476837158203125
476837158203130
476837158203131
476837158203150
476837158203156
476837158203250
476837158203281
476837158203750
476837158203906
476837158206250
476837158207031
476837158218750
476837158222656
476837158281250
476837158300781
476837158593750
476837158691406
476837160156250
476837160644531
476837167968750
476837170410156
476837207031250
476837219238281
476837402343750
476837463378906
476838378906250
476838684082031
476843261718750
476844787597656
476867675781250
476875305175781
476989746093750
477027893066406
477600097656250
477790832519531
480651855468750
481605529785156
495910644531250
500679016113281
596046447753906
2384185791015625
2384185791015630
2384185791015631
2384185791015650
2384185791015656
2384185791015750
2384185791015781
2384185791016250
2384185791016406
2384185791018750
2384185791019531
2384185791031250
2384185791035156
2384185791093750
2384185791113281
2384185791406250
2384185791503906
2384185792968750
2384185793457031
2384185800781250
2384185803222656
2384185839843750
2384185852050781
2384186035156250
2384186096191406
2384187011718750
2384187316894531
2384191894531250
2384193420410156
2384216308593750
2384223937988281
2384338378906250
2384376525878906
2384948730468750
2385139465332031
2388000488281250
2388954162597656
2403259277343750
2408027648925781
2479553222656250
2503395080566406
2980232238769531
11920928955078125
11920928955078130
11920928955078131
11920928955078150
11920928955078156
11920928955078250
11920928955078281
11920928955078750
11920928955078906
11920928955081250
11920928955082031
11920928955093750
11920928955097656
11920928955156250
11920928955175781
11920928955468750
11920928955566406
11920928957031250
11920928957519531
11920928964843750
11920928967285156
11920929003906250
11920929016113281
11920929199218750
11920929260253906
11920930175781250
11920930480957031
11920935058593750
11920936584472656
11920959472656250
11920967102050781
11921081542968750
11921119689941406
11921691894531250
11921882629394531
11924743652343750
11925697326660156
11940002441406250
11944770812988281
12016296386718750
12040138244628906
12397766113281250
12516975402832031
14901161193847656
59604644775390625
59604644775390630
59604644775390631
59604644775390650
59604644775390656
59604644775390750
59604644775390781
59604644775391250
59604644775391406
59604644775393750
59604644775394531
59604644775406250
59604644775410156
59604644775468750
59604644775488281
59604644775781250
59604644775878906
59604644777343750
59604644777832031
59604644785156250
59604644787597656
59604644824218750
59604644836425781
59604645019531250
59604645080566406
59604645996093750
59604646301269531
59604650878906250
59604652404785156
59604675292968750
59604682922363281
59604797363281250
59604835510253906
59605407714843750
59605598449707031
59608459472656250
59609413146972656
59623718261718750
59628486633300781
59700012207031250
59723854064941406
60081481933593750
60200691223144531
61988830566406250
62584877014160156
74505805969238281
298023223876953125
298023223876953130
298023223876953131
298023223876953150
298023223876953156
298023223876953250
298023223876953281
298023223876953750
298023223876953906
298023223876956250
298023223876957031
298023223876968750
298023223876972656
298023223877031250
298023223877050781
298023223877343750
298023223877441406
298023223878906250
298023223879394531
298023223886718750
298023223889160156
298023223925781250
298023223937988281
298023224121093750
298023224182128906
298023225097656250
298023225402832031
298023229980468750
298023231506347656
298023254394531250
298023262023925781
298023376464843750
298023414611816406
298023986816406250
298024177551269531
298027038574218750
298027992248535156
298042297363281250
298047065734863281
298118591308593750
298142433166503906
298500061035156250
298619270324707031
300407409667968750
301003456115722656
309944152832031250
312924385070800781
372529029846191406
1490116119384765625
1490116119384765630
1490116119384765631
1490116119384765650
1490116119384765656
1490116119384765750
1490116119384765781
1490116119384766250
1490116119384766406
1490116119384768750
1490116119384769531
1490116119384781250
1490116119384785156
1490116119384843750
1490116119384863281
1490116119385156250
1490116119385253906
1490116119386718750
1490116119387207031
1490116119394531250
1490116119396972656
1490116119433593750
1490116119445800781
1490116119628906250
1490116119689941406
1490116120605468750
1490116120910644531
1490116125488281250
1490116127014160156
1490116149902343750
1490116157531738281
1490116271972656250
1490116310119628906
1490116882324218750
1490117073059082031
1490119934082031250
1490120887756347656
1490135192871093750
1490139961242675781
1490211486816406250
1490235328674316406
1490592956542968750
1490712165832519531
1492500305175781250
1493096351623535156
1502037048339843750
1505017280578613281
1549720764160156250
1564621925354003906
1862645149230957031
7450580596923828125
7450580596923828130
7450580596923828131
7450580596923828150
7450580596923828156
7450580596923828250
7450580596923828281
7450580596923828750
7450580596923828906
7450580596923831250
7450580596923832031
7450580596923843750
7450580596923847656
7450580596923906250
7450580596923925781
7450580596924218750
7450580596924316406
7450580596925781250
7450580596926269531
7450580596933593750
7450580596936035156
7450580596972656250
7450580596984863281
7450580597167968750
7450580597229003906
7450580598144531250
7450580598449707031
7450580603027343750
7450580604553222656
7450580627441406250
7450580635070800781
7450580749511718750
7450580787658691406
7450581359863281250
7450581550598144531
7450584411621093750
7450585365295410156
7450599670410156250
7450604438781738281
7450675964355468750
7450699806213378906
7451057434082031250
7451176643371582031
7452964782714843750
7453560829162597656
7462501525878906250
7465481758117675781
7510185241699218750
7525086402893066406
7748603820800781250
7823109626770019531
9313225746154785156
37252902984619140625
37252902984619140630
37252902984619140631
37252902984619140650
37252902984619140656
37252902984619140750
37252902984619140781
37252902984619141250
37252902984619141406
37252902984619143750
37252902984619144531
37252902984619156250
37252902984619160156
37252902984619218750
37252902984619238281
37252902984619531250
37252902984619628906
37252902984621093750
37252902984621582031
37252902984628906250
37252902984631347656
37252902984667968750
37252902984680175781
37252902984863281250
37252902984924316406
37252902985839843750
37252902986145019531
37252902990722656250
37252902992248535156
37252903015136718750
37252903022766113281
37252903137207031250
37252903175354003906
37252903747558593750
37252903938293457031
37252906799316406250
37252907752990722656
37252922058105468750
37252926826477050781
37252998352050781250
37253022193908691406
37253379821777343750
37253499031066894531
37255287170410156250
37255883216857910156
37264823913574218750
37267804145812988281
37312507629394531250
37327408790588378906
37550926208496093750
37625432014465332031
38743019104003906250
39115548133850097656
46566128730773925781
186264514923095703125
186264514923095703130
186264514923095703131
186264514923095703150
186264514923095703156
186264514923095703250
186264514923095703281
186264514923095703750
186264514923095703906
186264514923095706250
186264514923095707031
186264514923095718750
186264514923095722656
186264514923095781250
186264514923095800781
186264514923096093750
186264514923096191406
186264514923097656250
186264514923098144531
186264514923105468750
186264514923107910156
186264514923144531250
186264514923156738281
186264514923339843750
186264514923400878906
186264514924316406250
186264514924621582031
186264514929199218750
186264514930725097656
186264514953613281250
186264514961242675781
186264515075683593750
186264515113830566406
186264515686035156250
186264515876770019531
186264518737792968750
186264519691467285156
186264533996582031250
186264538764953613281
186264610290527343750
186264634132385253906
186264991760253906250
186265110969543457031
186266899108886718750
186267495155334472656
186276435852050781250
186279416084289550781
186324119567871093750
186339020729064941406
186562538146972656250
186637043952941894531
187754631042480468750
188127160072326660156
193715095520019531250
195577740669250488281
232830643653869628906
931322574615478515625
931322574615478515630
931322574615478515631
931322574615478515650
931322574615478515656
931322574615478515750
931322574615478515781
931322574615478516250
931322574615478516406
931322574615478518750
931322574615478519531
931322574615478531250
931322574615478535156
931322574615478593750
931322574615478613281
931322574615478906250
931322574615479003906
931322574615480468750
931322574615480957031
931322574615488281250
931322574615490722656
931322574615527343750
931322574615539550781
931322574615722656250
931322574615783691406
931322574616699218750
931322574617004394531
931322574621582031250
931322574623107910156
931322574645996093750
931322574653625488281
931322574768066406250
931322574806213378906
931322575378417968750
931322575569152832031
931322578430175781250
931322579383850097656
931322593688964843750
931322598457336425781
931322669982910156250
931322693824768066406
931323051452636718750
931323170661926269531
931324958801269531250
931325554847717285156
931334495544433593750
931337475776672363281
931382179260253906250
931397080421447753906
931620597839355468750
931695103645324707031
932812690734863281250
933185219764709472656
938773155212402343750
940635800361633300781
968575477600097656250
977888703346252441406
1164153218269348144531
4656612873077392578125
4656612873077392578130
4656612873077392578131
4656612873077392578150
4656612873077392578156
4656612873077392578250
4656612873077392578281
4656612873077392578750
4656612873077392578906
4656612873077392581250
4656612873077392582031
4656612873077392593750
4656612873077392597656
4656612873077392656250
4656612873077392675781
4656612873077392968750
4656612873077393066406
4656612873077394531250
4656612873077395019531
4656612873077402343750
4656612873077404785156
4656612873077441406250
4656612873077453613281
4656612873077636718750
4656612873077697753906
4656612873078613281250
4656612873078918457031
4656612873083496093750
4656612873085021972656
4656612873107910156250
4656612873115539550781
4656612873229980468750
4656612873268127441406
4656612873840332031250
4656612874031066894531
4656612876892089843750
4656612877845764160156
4656612892150878906250
4656612896919250488281
4656612968444824218750
4656612992286682128906
4656613349914550781250
4656613469123840332031
4656615257263183593750
4656615853309631347656
4656624794006347656250
4656627774238586425781
4656672477722167968750
4656687378883361816406
4656910896301269531250
4656985402107238769531
4658102989196777343750
4658475518226623535156
4664063453674316406250
4665926098823547363281
4693865776062011718750
4703179001808166503906
4842877388000488281250
4889443516731262207031
5820766091346740722656
23283064365386962890625
23283064365386962890630
23283064365386962890631
23283064365386962890650
23283064365386962890656
23283064365386962890750
23283064365386962890781
23283064365386962891250
23283064365386962891406
23283064365386962893750
23283064365386962894531
23283064365386962906250
23283064365386962910156
23283064365386962968750
23283064365386962988281
23283064365386963281250
23283064365386963378906
23283064365386964843750
23283064365386965332031
23283064365386972656250
23283064365386975097656
23283064365387011718750
23283064365387023925781
23283064365387207031250
23283064365387268066406
23283064365388183593750
23283064365388488769531
23283064365393066406250
23283064365394592285156
23283064365417480468750
23283064365425109863281
23283064365539550781250
23283064365577697753906
23283064366149902343750
23283064366340637207031
23283064369201660156250
23283064370155334472656
23283064384460449218750
23283064389228820800781
23283064460754394531250
23283064484596252441406
23283064842224121093750
23283064961433410644531
23283066749572753906250
23283067345619201660156
23283076286315917968750
23283079266548156738281
23283123970031738281250
23283138871192932128906
23283362388610839843750
23283436894416809082031
23284554481506347656250
23284927010536193847656
23290514945983886718750
23292377591133117675781
23320317268371582031250
23329630494117736816406
23469328880310058593750
23515895009040832519531
24214386940002441406250
24447217583656311035156
29103830456733703613281
116415321826934814453125
116415321826934814453130
116415321826934814453131
116415321826934814453150
116415321826934814453156
116415321826934814453250
116415321826934814453281
116415321826934814453750
116415321826934814453906
116415321826934814456250
116415321826934814457031
116415321826934814468750
116415321826934814472656
116415321826934814531250
116415321826934814550781
116415321826934814843750
116415321826934814941406
116415321826934816406250
116415321826934816894531
116415321826934824218750
116415321826934826660156
116415321826934863281250
116415321826934875488281
116415321826935058593750
116415321826935119628906
116415321826936035156250
116415321826936340332031
116415321826940917968750
116415321826942443847656
116415321826965332031250
116415321826972961425781
116415321827087402343750
116415321827125549316406
116415321827697753906250
116415321827888488769531
116415321830749511718750
116415321831703186035156
116415321846008300781250
116415321850776672363281
116415321922302246093750
116415321946144104003906
116415322303771972656250
116415322422981262207031
116415324211120605468750
116415324807167053222656
116415333747863769531250
116415336728096008300781
116415381431579589843750
116415396332740783691406
116415619850158691406250
116415694355964660644531
116416811943054199218750
116417184472084045410156
116422772407531738281250
116424635052680969238281
116452574729919433593750
116461887955665588378906
116601586341857910156250
116648152470588684082031
117346644401550292968750
117579475045204162597656
121071934700012207031250
122236087918281555175781
145519152283668518066406
582076609134674072265625
582076609134674072265630
582076609134674072265631
582076609134674072265650
582076609134674072265656
582076609134674072265750
582076609134674072265781
582076609134674072266250
582076609134674072266406
582076609134674072268750
582076609134674072269531
582076609134674072281250
582076609134674072285156
582076609134674072343750
582076609134674072363281
582076609134674072656250
582076609134674072753906
582076609134674074218750
582076609134674074707031
582076609134674082031250
582076609134674084472656
582076609134674121093750
582076609134674133300781
582076609134674316406250
582076609134674377441406
582076609134675292968750
582076609134675598144531
582076609134680175781250
582076609134681701660156
582076609134704589843750
582076609134712219238281
582076609134826660156250
582076609134864807128906
582076609135437011718750
582076609135627746582031
582076609138488769531250
582076609139442443847656
582076609153747558593750
582076609158515930175781
582076609230041503906250
582076609253883361816406
582076609611511230468750
582076609730720520019531
582076611518859863281250
582076612114906311035156
582076621055603027343750
582076624035835266113281
582076668739318847656250
582076683640480041503906
582076907157897949218750
582076981663703918457031
582078099250793457031250
582078471779823303222656
582084059715270996093750
582085922360420227050781
582113862037658691406250
582123175263404846191406
582262873649597167968750
582309439778327941894531
583007931709289550781250
583240762352943420410156
586733222007751464843750
587897375226020812988281
605359673500061035156250
611180439591407775878906
727595761418342590332031
2910383045673370361328125
2910383045673370361328130
2910383045673370361328131
2910383045673370361328150
2910383045673370361328156
2910383045673370361328250
2910383045673370361328281
2910383045673370361328750
2910383045673370361328906
2910383045673370361331250
2910383045673370361332031
2910383045673370361343750
2910383045673370361347656
2910383045673370361406250
2910383045673370361425781
2910383045673370361718750
2910383045673370361816406
2910383045673370363281250
2910383045673370363769531
2910383045673370371093750
2910383045673370373535156
2910383045673370410156250
2910383045673370422363281
2910383045673370605468750
2910383045673370666503906
2910383045673371582031250
2910383045673371887207031
2910383045673376464843750
2910383045673377990722656
2910383045673400878906250
2910383045673408508300781
2910383045673522949218750
2910383045673561096191406
2910383045674133300781250
2910383045674324035644531
2910383045677185058593750
2910383045678138732910156
2910383045692443847656250
2910383045697212219238281
2910383045768737792968750
2910383045792579650878906
2910383046150207519531250
2910383046269416809082031
2910383048057556152343750
2910383048653602600097656
2910383057594299316406250
2910383060574531555175781
2910383105278015136718750
2910383120179176330566406
2910383343696594238281250
2910383418202400207519531
2910384535789489746093750
2910384908318519592285156
2910390496253967285156250
2910392358899116516113281
2910420298576354980468750
2910429611802101135253906
2910569310188293457031250
2910615876317024230957031
2911314368247985839843750
2911547198891639709472656
2915039658546447753906250
2916203811764717102050781
2933666110038757324218750
2939486876130104064941406
3026798367500305175781250
3055902197957038879394531
3637978807091712951660156
14551915228366851806640625
14551915228366851806640630
14551915228366851806640631
14551915228366851806640650
14551915228366851806640656
14551915228366851806640750
14551915228366851806640781
14551915228366851806641250
14551915228366851806641406
14551915228366851806643750
14551915228366851806644531
14551915228366851806656250
14551915228366851806660156
14551915228366851806718750
14551915228366851806738281
14551915228366851807031250
14551915228366851807128906
14551915228366851808593750
14551915228366851809082031
14551915228366851816406250
14551915228366851818847656
14551915228366851855468750
14551915228366851867675781
14551915228366852050781250
14551915228366852111816406
14551915228366853027343750
14551915228366853332519531
14551915228366857910156250
14551915228366859436035156
14551915228366882324218750
14551915228366889953613281
14551915228367004394531250
14551915228367042541503906
14551915228367614746093750
14551915228367805480957031
14551915228370666503906250
14551915228371620178222656
14551915228385925292968750
14551915228390693664550781
14551915228462219238281250
14551915228486061096191406
14551915228843688964843750
14551915228962898254394531
14551915230751037597656250
14551915231347084045410156
14551915240287780761718750
14551915243268013000488281
14551915287971496582031250
14551915302872657775878906
14551915526390075683593750
14551915600895881652832031
14551916718482971191406250
14551917091012001037597656
14551922678947448730468750
14551924541592597961425781
14551952481269836425781250
14551961794495582580566406
14552101492881774902343750
14552148059010505676269531
14552846550941467285156250
14553079381585121154785156
14556571841239929199218750
14557735994458198547363281
14575198292732238769531250
14581019058823585510253906
14668330550193786621093750
14697434380650520324707031
15133991837501525878906250
15279510989785194396972656
18189894035458564758300781
72759576141834259033203125
72759576141834259033203130
72759576141834259033203131
72759576141834259033203150
72759576141834259033203156
72759576141834259033203250
72759576141834259033203281
72759576141834259033203750
72759576141834259033203906
72759576141834259033206250
72759576141834259033207031
72759576141834259033218750
72759576141834259033222656
72759576141834259033281250
72759576141834259033300781
72759576141834259033593750
72759576141834259033691406
72759576141834259035156250
72759576141834259035644531
72759576141834259042968750
72759576141834259045410156
72759576141834259082031250
72759576141834259094238281
72759576141834259277343750
72759576141834259338378906
72759576141834260253906250
72759576141834260559082031
72759576141834265136718750
72759576141834266662597656
72759576141834289550781250
72759576141834297180175781
72759576141834411621093750
72759576141834449768066406
72759576141835021972656250
72759576141835212707519531
72759576141838073730468750
72759576141839027404785156
72759576141853332519531250
72759576141858100891113281
72759576141929626464843750
72759576141953468322753906
72759576142311096191406250
72759576142430305480957031
72759576144218444824218750
72759576144814491271972656
72759576153755187988281250
72759576156735420227050781
72759576201438903808593750
72759576216340065002441406
72759576439857482910156250
72759576514363288879394531
72759577631950378417968750
72759578004479408264160156
72759583592414855957031250
72759585455060005187988281
72759613394737243652343750
72759622707962989807128906
72759762406349182128906250
72759808972477912902832031
72760507464408874511718750
72760740295052528381347656
72764232754707336425781250
72765396907925605773925781
72782859206199645996093750
72788679972290992736816406
72875991463661193847656250
72905095294117927551269531
73341652750968933105468750
73487171903252601623535156
75669959187507629394531250
76397554948925971984863281
90949470177292823791503906
363797880709171295166015625
363797880709171295166015630
363797880709171295166015631
363797880709171295166015650
363797880709171295166015656
363797880709171295166015750
363797880709171295166015781
363797880709171295166016250
363797880709171295166016406
363797880709171295166018750
363797880709171295166019531
363797880709171295166031250
363797880709171295166035156
363797880709171295166093750
363797880709171295166113281
363797880709171295166406250
363797880709171295166503906
363797880709171295167968750
363797880709171295168457031
363797880709171295175781250
363797880709171295178222656
363797880709171295214843750
363797880709171295227050781
363797880709171295410156250
363797880709171295471191406
363797880709171296386718750
363797880709171296691894531
363797880709171301269531250
363797880709171302795410156
363797880709171325683593750
363797880709171333312988281
363797880709171447753906250
363797880709171485900878906
363797880709172058105468750
363797880709172248840332031
363797880709175109863281250
363797880709176063537597656
363797880709190368652343750
363797880709195137023925781
363797880709266662597656250
363797880709290504455566406
363797880709648132324218750
363797880709767341613769531
363797880711555480957031250
363797880712151527404785156
363797880721092224121093750
363797880724072456359863281
363797880768775939941406250
363797880783677101135253906
363797881007194519042968750
363797881081700325012207031
363797882199287414550781250
363797882571816444396972656
363797888159751892089843750
363797890022397041320800781
363797917962074279785156250
363797927275300025939941406
363798066973686218261718750
363798113539814949035644531
363798812031745910644531250
363799044862389564514160156
363802537322044372558593750
363803701475262641906738281
363821163773536682128906250
363826984539628028869628906
363914296030998229980468750
363943399861454963684082031
364379957318305969238281250
364525476470589637756347656
366708263754844665527343750
367435859516263008117675781
378349795937538146972656250
381987774744629859924316406
454747350886464118957519531
1818989403545856475830078125
1818989403545856475830078130
1818989403545856475830078131
1818989403545856475830078150
1818989403545856475830078156
1818989403545856475830078250
1818989403545856475830078281
1818989403545856475830078750
1818989403545856475830078906
1818989403545856475830081250
1818989403545856475830082031
1818989403545856475830093750
1818989403545856475830097656
1818989403545856475830156250
1818989403545856475830175781
1818989403545856475830468750
1818989403545856475830566406
1818989403545856475832031250
1818989403545856475832519531
1818989403545856475839843750
1818989403545856475842285156
1818989403545856475878906250
1818989403545856475891113281
1818989403545856476074218750
1818989403545856476135253906
1818989403545856477050781250
1818989403545856477355957031
1818989403545856481933593750
1818989403545856483459472656
1818989403545856506347656250
1818989403545856513977050781
1818989403545856628417968750
1818989403545856666564941406
1818989403545857238769531250
1818989403545857429504394531
1818989403545860290527343750
1818989403545861244201660156
1818989403545875549316406250
1818989403545880317687988281
1818989403545951843261718750
1818989403545975685119628906
1818989403546333312988281250
1818989403546452522277832031
1818989403548240661621093750
1818989403548836708068847656
1818989403557777404785156250
1818989403560757637023925781
1818989403605461120605468750
1818989403620362281799316406
1818989403843879699707031250
1818989403918385505676269531
1818989405035972595214843750
1818989405408501625061035156
1818989410996437072753906250
1818989412859082221984863281
1818989440798759460449218750
1818989450111985206604003906
1818989589810371398925781250
1818989636376500129699707031
1818990334868431091308593750
1818990567699074745178222656
1818994060158729553222656250
1818995224311947822570800781
1819012686610221862792968750
1819018507376313209533691406
1819105818867683410644531250
1819134922698140144348144531
1819571480154991149902343750
1819716999307274818420410156
1821899786591529846191406250
1822627382352948188781738281
1833541318774223327636718750
1837179297581315040588378906
1891748979687690734863281250
1909938873723149299621582031
2273736754432320594787597656
9094947017729282379150390625
9094947017729282379150390630
9094947017729282379150390631
9094947017729282379150390650
9094947017729282379150390656
9094947017729282379150390750
9094947017729282379150390781
9094947017729282379150391250
9094947017729282379150391406
9094947017729282379150393750
9094947017729282379150394531
9094947017729282379150406250
9094947017729282379150410156
9094947017729282379150468750
9094947017729282379150488281
9094947017729282379150781250
9094947017729282379150878906
9094947017729282379152343750
9094947017729282379152832031
9094947017729282379160156250
9094947017729282379162597656
9094947017729282379199218750
9094947017729282379211425781
9094947017729282379394531250
9094947017729282379455566406
9094947017729282380371093750
9094947017729282380676269531
9094947017729282385253906250
9094947017729282386779785156
9094947017729282409667968750
9094947017729282417297363281
9094947017729282531738281250
9094947017729282569885253906
9094947017729283142089843750
9094947017729283332824707031
9094947017729286193847656250
9094947017729287147521972656
9094947017729301452636718750
9094947017729306221008300781
9094947017729377746582031250
9094947017729401588439941406
9094947017729759216308593750
9094947017729878425598144531
9094947017731666564941406250
9094947017732262611389160156
9094947017741203308105468750
9094947017744183540344238281
9094947017788887023925781250
9094947017803788185119628906
9094947018027305603027343750
9094947018101811408996582031
9094947019219398498535156250
9094947019591927528381347656
9094947025179862976074218750
9094947027042508125305175781
9094947054982185363769531250
9094947064295411109924316406
9094947203993797302246093750
9094947250559926033020019531
9094947949051856994628906250
9094948181882500648498535156
9094951674342155456542968750
9094952838495373725891113281
9094970300793647766113281250
9094976121559739112854003906
9095063433051109313964843750
9095092536881566047668457031
9095529094338417053222656250
9095674613490700721740722656
9097857400774955749511718750
9098584996536374092102050781
9109498932957649230957031250
9113136911764740943908691406
9167706593871116638183593750
9185896487906575202941894531
9458744898438453674316406250
9549694368615746498107910156
11368683772161602973937988281
45474735088646411895751953125
45474735088646411895751953130
45474735088646411895751953131
45474735088646411895751953150
45474735088646411895751953156
45474735088646411895751953250
45474735088646411895751953281
45474735088646411895751953750
45474735088646411895751953906
45474735088646411895751956250
45474735088646411895751957031
45474735088646411895751968750
45474735088646411895751972656
45474735088646411895752031250
45474735088646411895752050781
45474735088646411895752343750
45474735088646411895752441406
45474735088646411895753906250
45474735088646411895754394531
45474735088646411895761718750
45474735088646411895764160156
45474735088646411895800781250
45474735088646411895812988281
45474735088646411895996093750
45474735088646411896057128906
45474735088646411896972656250
45474735088646411897277832031
45474735088646411901855468750
45474735088646411903381347656
45474735088646411926269531250
45474735088646411933898925781
45474735088646412048339843750
45474735088646412086486816406
45474735088646412658691406250
45474735088646412849426269531
45474735088646415710449218750
45474735088646416664123535156
45474735088646430969238281250
45474735088646435737609863281
45474735088646507263183593750
45474735088646531105041503906
45474735088646888732910156250
45474735088647007942199707031
45474735088648796081542968750
45474735088649392127990722656
45474735088658332824707031250
45474735088661313056945800781
45474735088706016540527343750
45474735088720917701721191406
45474735088944435119628906250
45474735089018940925598144531
45474735090136528015136718750
45474735090509057044982910156
45474735096096992492675781250
45474735097959637641906738281
45474735125899314880371093750
45474735135212540626525878906
45474735274910926818847656250
45474735321477055549621582031
45474736019968986511230468750
45474736252799630165100097656
45474739745259284973144531250
45474740909412503242492675781
45474758371710777282714843750
45474764192476868629455566406
45474851503968238830566406250
45474880607798695564270019531
45475317165255546569824218750
45475462684407830238342285156
45477645471692085266113281250
45478373067453503608703613281
45489287003874778747558593750
45492924982681870460510253906
45547494664788246154785156250
45565684558823704719543457031
45838532969355583190917968750
45929482439532876014709472656
47293724492192268371582031250
47748471843078732490539550781
56843418860808014869689941406
227373675443232059478759765625
227373675443232059478759765630
227373675443232059478759765631
227373675443232059478759765650
227373675443232059478759765656
227373675443232059478759765750
227373675443232059478759765781
227373675443232059478759766250
227373675443232059478759766406
227373675443232059478759768750
227373675443232059478759769531
227373675443232059478759781250
227373675443232059478759785156
227373675443232059478759843750
227373675443232059478759863281
227373675443232059478760156250
227373675443232059478760253906
227373675443232059478761718750
227373675443232059478762207031
227373675443232059478769531250
227373675443232059478771972656
227373675443232059478808593750
227373675443232059478820800781
227373675443232059479003906250
227373675443232059479064941406
227373675443232059479980468750
227373675443232059480285644531
227373675443232059484863281250
227373675443232059486389160156
227373675443232059509277343750
227373675443232059516906738281
227373675443232059631347656250
227373675443232059669494628906
227373675443232060241699218750
227373675443232060432434082031
227373675443232063293457031250
227373675443232064247131347656
227373675443232078552246093750
227373675443232083320617675781
227373675443232154846191406250
227373675443232178688049316406
227373675443232536315917968750
227373675443232655525207519531
227373675443234443664550781250
227373675443235039710998535156
227373675443243980407714843750
227373675443246960639953613281
227373675443291664123535156250
227373675443306565284729003906
227373675443530082702636718750
227373675443604588508605957031
227373675444722175598144531250
227373675445094704627990722656
227373675450682640075683593750
227373675452545285224914550781
227373675480484962463378906250
227373675489798188209533691406
227373675629496574401855468750
227373675676062703132629394531
227373676374554634094238281250
227373676607385277748107910156
227373680099844932556152343750
227373681263998150825500488281
227373698726296424865722656250
227373704547062516212463378906
227373791858553886413574218750
227373820962384343147277832031
227374257519841194152832031250
227374403038993477821350097656
227376585826277732849121093750
227377313422039151191711425781
227388227358460426330566406250
227391865337267518043518066406
227446435019373893737792968750
227464624913409352302551269531
227737473323941230773925781250
227828422794118523597717285156
229192664846777915954589843750
229647412197664380073547363281
236468622460961341857910156250
238742359215393662452697753906
284217094304040074348449707031
1136868377216160297393798828125
1136868377216160297393798828130
1136868377216160297393798828131
1136868377216160297393798828150
1136868377216160297393798828156
1136868377216160297393798828250
1136868377216160297393798828281
1136868377216160297393798828750
1136868377216160297393798828906
1136868377216160297393798831250
1136868377216160297393798832031
1136868377216160297393798843750
1136868377216160297393798847656
1136868377216160297393798906250
1136868377216160297393798925781
1136868377216160297393799218750
1136868377216160297393799316406
1136868377216160297393800781250
1136868377216160297393801269531
1136868377216160297393808593750
1136868377216160297393811035156
1136868377216160297393847656250
1136868377216160297393859863281
1136868377216160297394042968750
1136868377216160297394104003906
1136868377216160297395019531250
1136868377216160297395324707031
1136868377216160297399902343750
1136868377216160297401428222656
1136868377216160297424316406250
1136868377216160297431945800781
1136868377216160297546386718750
1136868377216160297584533691406
1136868377216160298156738281250
1136868377216160298347473144531
1136868377216160301208496093750
1136868377216160302162170410156
1136868377216160316467285156250
1136868377216160321235656738281
1136868377216160392761230468750
1136868377216160416603088378906
1136868377216160774230957031250
1136868377216160893440246582031
1136868377216162681579589843750
1136868377216163277626037597656
1136868377216172218322753906250
1136868377216175198554992675781
1136868377216219902038574218750
1136868377216234803199768066406
1136868377216458320617675781250
1136868377216532826423645019531
1136868377217650413513183593750
1136868377218022942543029785156
1136868377223610877990722656250
1136868377225473523139953613281
1136868377253413200378417968750
1136868377262726426124572753906
1136868377402424812316894531250
1136868377448990941047668457031
1136868378147482872009277343750
1136868378380313515663146972656
1136868381872773170471191406250
1136868383036926388740539550781
1136868400499224662780761718750
1136868406319990754127502441406
1136868493631482124328613281250
1136868522735312581062316894531
1136868959292769432067871093750
1136869104811921715736389160156
1136871287599205970764160156250
1136872015194967389106750488281
1136882929131388664245605468750
1136886567110195755958557128906
1136941136792302131652832031250
1136959326686337590217590332031
1137232175096869468688964843750
1137323124567046761512756347656
1138687366619706153869628906250
1139142113970592617988586425781
1145963324233889579772949218750
1148237060988321900367736816406
1182343112304806709289550781250
1193711796076968312263488769531
1421085471520200371742248535156
5684341886080801486968994140625
5684341886080801486968994140630
5684341886080801486968994140631
5684341886080801486968994140650
5684341886080801486968994140656
5684341886080801486968994140750
5684341886080801486968994140781
5684341886080801486968994141250
5684341886080801486968994141406
5684341886080801486968994143750
5684341886080801486968994144531
5684341886080801486968994156250
5684341886080801486968994160156
5684341886080801486968994218750
5684341886080801486968994238281
5684341886080801486968994531250
5684341886080801486968994628906
5684341886080801486968996093750
5684341886080801486968996582031
5684341886080801486969003906250
5684341886080801486969006347656
5684341886080801486969042968750
5684341886080801486969055175781
5684341886080801486969238281250
5684341886080801486969299316406
5684341886080801486970214843750
5684341886080801486970520019531
5684341886080801486975097656250
5684341886080801486976623535156
5684341886080801486999511718750
5684341886080801487007141113281
5684341886080801487121582031250
5684341886080801487159729003906
5684341886080801487731933593750
5684341886080801487922668457031
5684341886080801490783691406250
5684341886080801491737365722656
5684341886080801506042480468750
5684341886080801510810852050781
5684341886080801582336425781250
5684341886080801606178283691406
5684341886080801963806152343750
5684341886080802083015441894531
5684341886080803871154785156250
5684341886080804467201232910156
5684341886080813407897949218750
5684341886080816388130187988281
5684341886080861091613769531250
5684341886080875992774963378906
5684341886081099510192871093750
5684341886081174015998840332031
5684341886082291603088378906250
5684341886082664132118225097656
5684341886088252067565917968750
5684341886090114712715148925781
5684341886118054389953613281250
5684341886127367615699768066406
5684341886267066001892089843750
5684341886313632130622863769531
5684341887012124061584472656250
5684341887244954705238342285156
5684341890737414360046386718750
5684341891901567578315734863281
5684341909363865852355957031250
5684341915184631943702697753906
5684342002496123313903808593750
5684342031599953770637512207031
5684342468157410621643066406250
5684342613676562905311584472656
5684344796463847160339355468750
5684345524059608578681945800781
5684356437996029853820800781250
5684360075974836945533752441406
5684414645656943321228027343750
5684432835550978779792785644531
5684705683961510658264160156250
5684796633431687951087951660156
5686160875484347343444824218750
5686615622835233807563781738281
5693436833098530769348144531250
5695710569852963089942932128906
5729816621169447898864746093750
5741185304941609501838684082031
5911715561524033546447753906250
5968558980384841561317443847656
7105427357601001858711242675781
28421709430404007434844970703125
28421709430404007434844970703130
28421709430404007434844970703131
28421709430404007434844970703150
28421709430404007434844970703156
28421709430404007434844970703250
28421709430404007434844970703281
28421709430404007434844970703750
28421709430404007434844970703906
28421709430404007434844970706250
28421709430404007434844970707031
28421709430404007434844970718750
28421709430404007434844970722656
28421709430404007434844970781250
28421709430404007434844970800781
28421709430404007434844971093750
28421709430404007434844971191406
28421709430404007434844972656250
28421709430404007434844973144531
28421709430404007434844980468750
28421709430404007434844982910156
28421709430404007434845019531250
28421709430404007434845031738281
28421709430404007434845214843750
28421709430404007434845275878906
28421709430404007434846191406250
28421709430404007434846496582031
28421709430404007434851074218750
28421709430404007434852600097656
28421709430404007434875488281250
28421709430404007434883117675781
28421709430404007434997558593750
28421709430404007435035705566406
28421709430404007435607910156250
28421709430404007435798645019531
28421709430404007438659667968750
28421709430404007439613342285156
28421709430404007453918457031250
28421709430404007458686828613281
28421709430404007530212402343750
28421709430404007554054260253906
28421709430404007911682128906250
28421709430404008030891418457031
28421709430404009819030761718750
28421709430404010415077209472656
28421709430404019355773925781250
28421709430404022336006164550781
28421709430404067039489746093750
28421709430404081940650939941406
28421709430404305458068847656250
28421709430404379963874816894531
28421709430405497550964355468750
28421709430405870079994201660156
28421709430411458015441894531250
28421709430413320660591125488281
28421709430441260337829589843750
28421709430450573563575744628906
28421709430590271949768066406250
28421709430636838078498840332031
28421709431335330009460449218750
28421709431568160653114318847656
28421709435060620307922363281250
28421709436224773526191711425781
28421709453687071800231933593750
28421709459507837891578674316406
28421709546819329261779785156250
28421709575923159718513488769531
28421710012480616569519042968750
28421710157999768853187561035156
28421712340787053108215332031250
28421713068382814526557922363281
28421723982319235801696777343750
28421727620298042893409729003906
28421782189980149269104003906250
28421800379874184727668762207031
28422073228284716606140136718750
28422164177754893898963928222656
28423528419807553291320800781250
28423983167158439755439758300781
28430804377421736717224121093750
28433078114176169037818908691406
28467184165492653846740722656250
28478552849264815449714660644531
28649083105847239494323730468750
28705926524708047509193420410156
29558577807620167732238769531250
29842794901924207806587219238281
35527136788005009293556213378906
142108547152020037174224853515625
142108547152020037174224853515630
142108547152020037174224853515631
142108547152020037174224853515650
142108547152020037174224853515656
142108547152020037174224853515750
142108547152020037174224853515781
142108547152020037174224853516250
142108547152020037174224853516406
142108547152020037174224853518750
142108547152020037174224853519531
142108547152020037174224853531250
142108547152020037174224853535156
142108547152020037174224853593750
142108547152020037174224853613281
142108547152020037174224853906250
142108547152020037174224854003906
142108547152020037174224855468750
142108547152020037174224855957031
142108547152020037174224863281250
142108547152020037174224865722656
142108547152020037174224902343750
142108547152020037174224914550781
142108547152020037174225097656250
142108547152020037174225158691406
142108547152020037174226074218750
142108547152020037174226379394531
142108547152020037174230957031250
142108547152020037174232482910156
142108547152020037174255371093750
142108547152020037174263000488281
142108547152020037174377441406250
142108547152020037174415588378906
142108547152020037174987792968750
142108547152020037175178527832031
142108547152020037178039550781250
142108547152020037178993225097656
142108547152020037193298339843750
142108547152020037198066711425781
142108547152020037269592285156250
142108547152020037293434143066406
142108547152020037651062011718750
142108547152020037770271301269531
142108547152020039558410644531250
142108547152020040154457092285156
142108547152020049095153808593750
142108547152020052075386047363281
142108547152020096778869628906250
142108547152020111680030822753906
142108547152020335197448730468750
142108547152020409703254699707031
142108547152021527290344238281250
142108547152021899819374084472656
142108547152027487754821777343750
142108547152029350399971008300781
142108547152057290077209472656250
142108547152066603302955627441406
142108547152206301689147949218750
142108547152252867817878723144531
142108547152951359748840332031250
142108547153184190392494201660156
142108547156676650047302246093750
142108547157840803265571594238281
142108547175303101539611816406250
142108547181123867630958557128906
142108547268435359001159667968750
142108547297539189457893371582031
142108547734096646308898925781250
142108547879615798592567443847656
142108550062403082847595214843750
142108550789998844265937805175781
142108561703935265541076660156250
142108565341914072632789611816406
142108619911596179008483886718750
142108638101490214467048645019531
142108910949900746345520019531250
142109001899370923638343811035156
142110366141423583030700683593750
142110820888774469494819641113281
142117642099037766456604003906250
142119915835792198777198791503906
142154021887108683586120605468750
142165390570880845189094543457031
142335920827463269233703613281250
142392764246324077248573303222656
143245415529236197471618652343750
143529632623540237545967102050781
147792889038100838661193847656250
149213974509621039032936096191406
177635683940025046467781066894531
710542735760100185871124267578125
710542735760100185871124267578130
710542735760100185871124267578131
710542735760100185871124267578150
710542735760100185871124267578156
710542735760100185871124267578250
710542735760100185871124267578281
710542735760100185871124267578750
710542735760100185871124267578906
710542735760100185871124267581250
710542735760100185871124267582031
710542735760100185871124267593750
710542735760100185871124267597656
710542735760100185871124267656250
710542735760100185871124267675781
710542735760100185871124267968750
710542735760100185871124268066406
710542735760100185871124269531250
710542735760100185871124270019531
710542735760100185871124277343750
710542735760100185871124279785156
710542735760100185871124316406250
710542735760100185871124328613281
710542735760100185871124511718750
710542735760100185871124572753906
710542735760100185871125488281250
710542735760100185871125793457031
710542735760100185871130371093750
710542735760100185871131896972656
710542735760100185871154785156250
710542735760100185871162414550781
710542735760100185871276855468750
710542735760100185871315002441406
710542735760100185871887207031250
710542735760100185872077941894531
710542735760100185874938964843750
710542735760100185875892639160156
710542735760100185890197753906250
710542735760100185894966125488281
710542735760100185966491699218750
710542735760100185990333557128906
710542735760100186347961425781250
710542735760100186467170715332031
710542735760100188255310058593750
710542735760100188851356506347656
710542735760100197792053222656250
710542735760100200772285461425781
710542735760100245475769042968750
710542735760100260376930236816406
710542735760100483894348144531250
710542735760100558400154113769531
710542735760101675987243652343750
710542735760102048516273498535156
710542735760107636451721191406250
710542735760109499096870422363281
710542735760137438774108886718750
710542735760146751999855041503906
710542735760286450386047363281250
710542735760333016514778137207031
710542735761031508445739746093750
710542735761264339089393615722656
710542735764756798744201660156250
710542735765920951962471008300781
710542735783383250236511230468750
710542735789204016327857971191406
710542735876515507698059082031250
710542735905619338154792785644531
710542736342176795005798339843750
710542736487695947289466857910156
710542738670483231544494628906250
710542739398078992962837219238281
710542750312015414237976074218750
710542753949994221329689025878906
710542808519676327705383300781250
710542826709570363163948059082031
710543099557980895042419433593750
710543190507451072335243225097656
710544554749503731727600097656250
710545009496854618191719055175781
710551830707117915153503417968750
710554104443872347474098205566406
710588210495188832283020019531250
710599579178960993885993957519531
710770109435543417930603027343750
710826952854404225945472717285156
711679604137316346168518066406250
711963821231620386242866516113281
716227077646180987358093261718750
717648163117701187729835510253906
738964445190504193305969238281250
746069872548105195164680480957031
888178419700125232338905334472656
3552713678800500929355621337890625
3552713678800500929355621337890630
3552713678800500929355621337890631
3552713678800500929355621337890650
3552713678800500929355621337890656
3552713678800500929355621337890750
3552713678800500929355621337890781
3552713678800500929355621337891250
3552713678800500929355621337891406
3552713678800500929355621337893750
3552713678800500929355621337894531
3552713678800500929355621337906250
3552713678800500929355621337910156
3552713678800500929355621337968750
3552713678800500929355621337988281
3552713678800500929355621338281250
3552713678800500929355621338378906
3552713678800500929355621339843750
3552713678800500929355621340332031
3552713678800500929355621347656250
3552713678800500929355621350097656
3552713678800500929355621386718750
3552713678800500929355621398925781
3552713678800500929355621582031250
3552713678800500929355621643066406
3552713678800500929355622558593750
3552713678800500929355622863769531
3552713678800500929355627441406250
3552713678800500929355628967285156
3552713678800500929355651855468750
3552713678800500929355659484863281
3552713678800500929355773925781250
3552713678800500929355812072753906
3552713678800500929356384277343750
3552713678800500929356575012207031
3552713678800500929359436035156250
3552713678800500929360389709472656
3552713678800500929374694824218750
3552713678800500929379463195800781
3552713678800500929450988769531250
3552713678800500929474830627441406
3552713678800500929832458496093750
3552713678800500929951667785644531
3552713678800500931739807128906250
3552713678800500932335853576660156
3552713678800500941276550292968750
3552713678800500944256782531738281
3552713678800500988960266113281250
3552713678800501003861427307128906
3552713678800501227378845214843750
3552713678800501301884651184082031
3552713678800502419471740722656250
3552713678800502792000770568847656
3552713678800508379936218261718750
3552713678800510242581367492675781
3552713678800538182258605957031250
3552713678800547495484352111816406
3552713678800687193870544433593750
3552713678800733759999275207519531
3552713678801432251930236816406250
3552713678801665082573890686035156
3552713678805157542228698730468750
3552713678806321695446968078613281
3552713678823783993721008300781250
3552713678829604759812355041503906
3552713678916916251182556152343750
3552713678946020081639289855957031
3552713679382577538490295410156250
3552713679528096690773963928222656
3552713681710883975028991699218750
3552713682438479736447334289550781
3552713693352416157722473144531250
3552713696990394964814186096191406
3552713751560077071189880371093750
3552713769749971106648445129394531
3552714042598381638526916503906250
3552714133547851815819740295410156
3552715497789904475212097167968750
3552715952537255361676216125488281
3552722773747518658638000488281250
3552725047484273090958595275878906
3552759153535589575767517089843750
3552770522219361737370491027832031
3552941052475944161415100097656250
3552997895894804969429969787597656
3553850547177717089653015136718750
3554134764272021129727363586425781
3558398020686581730842590332031250
3559819106158101931214332580566406
3581135388230904936790466308593750
3588240815588505938649177551269531
3694822225952520966529846191406250
3730349362740525975823402404785156
4440892098500626161694526672363281
17763568394002504646778106689453125
17763568394002504646778106689453130
17763568394002504646778106689453131
17763568394002504646778106689453150
17763568394002504646778106689453156
17763568394002504646778106689453250
17763568394002504646778106689453281
17763568394002504646778106689453750
17763568394002504646778106689453906
17763568394002504646778106689456250
17763568394002504646778106689457031
17763568394002504646778106689468750
17763568394002504646778106689472656
17763568394002504646778106689531250
17763568394002504646778106689550781
17763568394002504646778106689843750
17763568394002504646778106689941406
17763568394002504646778106691406250
17763568394002504646778106691894531
17763568394002504646778106699218750
17763568394002504646778106701660156
17763568394002504646778106738281250
17763568394002504646778106750488281
17763568394002504646778106933593750
17763568394002504646778106994628906
17763568394002504646778107910156250
17763568394002504646778108215332031
17763568394002504646778112792968750
17763568394002504646778114318847656
17763568394002504646778137207031250
17763568394002504646778144836425781
17763568394002504646778259277343750
17763568394002504646778297424316406
17763568394002504646778869628906250
17763568394002504646779060363769531
17763568394002504646781921386718750
17763568394002504646782875061035156
17763568394002504646797180175781250
17763568394002504646801948547363281
17763568394002504646873474121093750
17763568394002504646897315979003906
17763568394002504647254943847656250
17763568394002504647374153137207031
17763568394002504649162292480468750
17763568394002504649758338928222656
17763568394002504658699035644531250
17763568394002504661679267883300781
17763568394002504706382751464843750
17763568394002504721283912658691406
17763568394002504944801330566406250
17763568394002505019307136535644531
17763568394002506136894226074218750
17763568394002506509423255920410156
17763568394002512097358703613281250
17763568394002513960003852844238281
17763568394002541899681091308593750
17763568394002551212906837463378906
17763568394002690911293029785156250
17763568394002737477421760559082031
17763568394003435969352722167968750
17763568394003668799996376037597656
17763568394007161259651184082031250
17763568394008325412869453430175781
17763568394025787711143493652343750
17763568394031608477234840393066406
17763568394118919968605041503906250
17763568394148023799061775207519531
17763568394584581255912780761718750
17763568394730100408196449279785156
17763568396912887692451477050781250
17763568397640483453869819641113281
17763568408554419875144958496093750
17763568412192398682236671447753906
17763568466762080788612365722656250
17763568484951974824070930480957031
17763568757800385355949401855468750
17763568848749855533242225646972656
17763570212991908192634582519531250
17763570667739259079098701477050781
17763577488949522376060485839843750
17763579762686276808381080627441406
17763613868737593293190002441406250
17763625237421365454792976379394531
17763795767677947878837585449218750
17763852611096808686852455139160156
17764705262379720807075500488281250
17764989479474024847149848937988281
17769252735888585448265075683593750
17770673821360105648636817932128906
17791990103432908654212951660156250
17799095530790509656071662902832031
17905676941154524683952331542968750
17941204077942529693245887756347656
18474111129762604832649230957031250
18651746813702629879117012023925781
22204460492503130808472633361816406
88817841970012523233890533447265625
88817841970012523233890533447265630
88817841970012523233890533447265631
88817841970012523233890533447265650
88817841970012523233890533447265656
88817841970012523233890533447265750
88817841970012523233890533447265781
88817841970012523233890533447266250
88817841970012523233890533447266406
88817841970012523233890533447268750
88817841970012523233890533447269531
88817841970012523233890533447281250
88817841970012523233890533447285156
88817841970012523233890533447343750
88817841970012523233890533447363281
88817841970012523233890533447656250
88817841970012523233890533447753906
88817841970012523233890533449218750
88817841970012523233890533449707031
88817841970012523233890533457031250
88817841970012523233890533459472656
88817841970012523233890533496093750
88817841970012523233890533508300781
88817841970012523233890533691406250
88817841970012523233890533752441406
88817841970012523233890534667968750
88817841970012523233890534973144531
88817841970012523233890539550781250
88817841970012523233890541076660156
88817841970012523233890563964843750
88817841970012523233890571594238281
88817841970012523233890686035156250
88817841970012523233890724182128906
88817841970012523233891296386718750
88817841970012523233891487121582031
88817841970012523233894348144531250
88817841970012523233895301818847656
88817841970012523233909606933593750
88817841970012523233914375305175781
88817841970012523233985900878906250
88817841970012523234009742736816406
88817841970012523234367370605468750
88817841970012523234486579895019531
88817841970012523236274719238281250
88817841970012523236870765686035156
88817841970012523245811462402343750
88817841970012523248791694641113281
88817841970012523293495178222656250
88817841970012523308396339416503906
88817841970012523531913757324218750
88817841970012523606419563293457031
88817841970012524724006652832031250
88817841970012525096535682678222656
88817841970012530684471130371093750
88817841970012532547116279602050781
88817841970012560486793518066406250
88817841970012569800019264221191406
88817841970012709498405456542968750
88817841970012756064534187316894531
88817841970013454556465148925781250
88817841970013687387108802795410156
88817841970017179846763610839843750
88817841970018343999981880187988281
88817841970035806298255920410156250
88817841970041627064347267150878906
88817841970128938555717468261718750
88817841970158042386174201965332031
88817841970594599843025207519531250
88817841970740118995308876037597656
88817841972922906279563903808593750
88817841973650502040982246398925781
88817841984564438462257385253906250
88817841988202417269349098205566406
88817842042772099375724792480468750
88817842060961993411183357238769531
88817842333810403943061828613281250
88817842424759874120354652404785156
88817843789001926779747009277343750
88817844243749277666211128234863281
88817851064959540963172912597656250
88817853338696295395493507385253906
88817887444747611880302429199218750
88817898813431384041905403137207031
88818069343687966465950012207031250
88818126187106827273964881896972656
88818978838389739394187927246093750
88819263055484043434262275695800781
88823526311898604035377502441406250
88824947397370124235749244689941406
88846263679442927241325378417968750
88853369106800528243184089660644531
88959950517164543271064758300781250
88995477653952548280358314514160156
89528384705772623419761657714843750
89706020389712648466229438781738281
92370555648813024163246154785156250
93258734068513149395585060119628906
111022302462515654042363166809082031
444089209850062616169452667236328125
444089209850062616169452667236328130
444089209850062616169452667236328131
444089209850062616169452667236328150
444089209850062616169452667236328156
444089209850062616169452667236328250
444089209850062616169452667236328281
444089209850062616169452667236328750
444089209850062616169452667236328906
444089209850062616169452667236331250
444089209850062616169452667236332031
444089209850062616169452667236343750
444089209850062616169452667236347656
444089209850062616169452667236406250
444089209850062616169452667236425781
444089209850062616169452667236718750
444089209850062616169452667236816406
444089209850062616169452667238281250
444089209850062616169452667238769531
444089209850062616169452667246093750
444089209850062616169452667248535156
444089209850062616169452667285156250
444089209850062616169452667297363281
444089209850062616169452667480468750
444089209850062616169452667541503906
444089209850062616169452668457031250
444089209850062616169452668762207031
444089209850062616169452673339843750
444089209850062616169452674865722656
444089209850062616169452697753906250
444089209850062616169452705383300781
444089209850062616169452819824218750
444089209850062616169452857971191406
444089209850062616169453430175781250
444089209850062616169453620910644531
444089209850062616169456481933593750
444089209850062616169457435607910156
444089209850062616169471740722656250
444089209850062616169476509094238281
444089209850062616169548034667968750
444089209850062616169571876525878906
444089209850062616169929504394531250
444089209850062616170048713684082031
444089209850062616171836853027343750
444089209850062616172432899475097656
444089209850062616181373596191406250
444089209850062616184353828430175781
444089209850062616229057312011718750
444089209850062616243958473205566406
444089209850062616467475891113281250
444089209850062616541981697082519531
444089209850062617659568786621093750
444089209850062618032097816467285156
444089209850062623620033264160156250
444089209850062625482678413391113281
444089209850062653422355651855468750
444089209850062662735581398010253906
444089209850062802433967590332031250
444089209850062849000096321105957031
444089209850063547492027282714843750
444089209850063780322670936584472656
444089209850067272782325744628906250
444089209850068436935544013977050781
444089209850085899233818054199218750
444089209850091719999909400939941406
444089209850179031491279602050781250
444089209850208135321736335754394531
444089209850644692778587341308593750
444089209850790211930871009826660156
444089209852972999215126037597656250
444089209853700594976544380187988281
444089209864614531397819519042968750
444089209868252510204911231994628906
444089209922822192311286926269531250
444089209941012086346745491027832031
444089210213860496878623962402343750
444089210304809967055916786193847656
444089211669052019715309143066406250
444089212123799370601773262023925781
444089218945009633898735046386718750
444089221218746388331055641174316406
444089255324797704815864562988281250
444089266693481476977467536926269531
444089437223738059401512145996093750
444089494067156920209527015686035156
444090346718439832329750061035156250
444090630935534136369824409484863281
444094894191948696970939636230468750
444096315277420217171311378479003906
444117631559493020176887512207031250
444124736986850621178746223449707031
444231318397214636206626892089843750
444266845534002641215920448303222656
444799752585822716355323791503906250
444977388269762741401791572570800781
447641923528863117098808288574218750
448530101948563242331147193908691406
461852778244065120816230773925781250
466293670342565746977925300598144531
555111512312578270211815834045410156
2220446049250313080847263336181640625
2220446049250313080847263336181640630
2220446049250313080847263336181640631
2220446049250313080847263336181640650
2220446049250313080847263336181640656
2220446049250313080847263336181640750
2220446049250313080847263336181640781
2220446049250313080847263336181641250
2220446049250313080847263336181641406
2220446049250313080847263336181643750
2220446049250313080847263336181644531
2220446049250313080847263336181656250
2220446049250313080847263336181660156
2220446049250313080847263336181718750
2220446049250313080847263336181738281
2220446049250313080847263336182031250
2220446049250313080847263336182128906
2220446049250313080847263336183593750
2220446049250313080847263336184082031
2220446049250313080847263336191406250
2220446049250313080847263336193847656
2220446049250313080847263336230468750
2220446049250313080847263336242675781
2220446049250313080847263336425781250
2220446049250313080847263336486816406
2220446049250313080847263337402343750
2220446049250313080847263337707519531
2220446049250313080847263342285156250
2220446049250313080847263343811035156
2220446049250313080847263366699218750
2220446049250313080847263374328613281
2220446049250313080847263488769531250
2220446049250313080847263526916503906
2220446049250313080847264099121093750
2220446049250313080847264289855957031
2220446049250313080847267150878906250
2220446049250313080847268104553222656
2220446049250313080847282409667968750
2220446049250313080847287178039550781
2220446049250313080847358703613281250
2220446049250313080847382545471191406
2220446049250313080847740173339843750
2220446049250313080847859382629394531
2220446049250313080849647521972656250
2220446049250313080850243568420410156
2220446049250313080859184265136718750
2220446049250313080862164497375488281
2220446049250313080906867980957031250
2220446049250313080921769142150878906
2220446049250313081145286560058593750
2220446049250313081219792366027832031
2220446049250313082337379455566406250
2220446049250313082709908485412597656
2220446049250313088297843933105468750
2220446049250313090160489082336425781
2220446049250313118100166320800781250
2220446049250313127413392066955566406
2220446049250313267111778259277343750
2220446049250313313677906990051269531
2220446049250314012169837951660156250
2220446049250314245000481605529785156
2220446049250317737460136413574218750
2220446049250318901613354682922363281
2220446049250336363911628723144531250
2220446049250342184677720069885253906
2220446049250429496169090270996093750
2220446049250458599999547004699707031
2220446049250895157456398010253906250
2220446049251040676608681678771972656
2220446049253223463892936706542968750
2220446049253951059654355049133300781
2220446049264864996075630187988281250
2220446049268502974882721900939941406
2220446049323072656989097595214843750
2220446049341262551024556159973144531
2220446049614110961556434631347656250
2220446049705060431733727455139160156
2220446051069302484393119812011718750
2220446051524049835279583930969238281
2220446058345260098576545715332031250
2220446060618996853008866310119628906
2220446094725048169493675231933593750
2220446106093731941655278205871582031
2220446276623988524079322814941406250
2220446333467407384887337684631347656
2220447186118690297007560729980468750
2220447470335784601047635078430175781
2220451733592199161648750305175781250
2220453154677670681849122047424316406
2220474470959743484854698181152343750
2220481576387101085856556892395019531
2220588157797465100884437561035156250
2220623684934253105893731117248535156
2221156591986073181033134460449218750
2221334227670013206079602241516113281
2223998762929113581776618957519531250
2224886941348813707008957862854003906
2238209617644315585494041442871093750
2242650509742816211655735969543457031
2309263891220325604081153869628906250
2331468351712828734889626502990722656
2775557561562891351059079170227050781
11102230246251565404236316680908203125
11102230246251565404236316680908203130
11102230246251565404236316680908203131
11102230246251565404236316680908203150
11102230246251565404236316680908203156
11102230246251565404236316680908203250
11102230246251565404236316680908203281
11102230246251565404236316680908203750
11102230246251565404236316680908203906
11102230246251565404236316680908206250
11102230246251565404236316680908207031
11102230246251565404236316680908218750
11102230246251565404236316680908222656
11102230246251565404236316680908281250
11102230246251565404236316680908300781
11102230246251565404236316680908593750
11102230246251565404236316680908691406
11102230246251565404236316680910156250
11102230246251565404236316680910644531
11102230246251565404236316680917968750
11102230246251565404236316680920410156
11102230246251565404236316680957031250
11102230246251565404236316680969238281
11102230246251565404236316681152343750
11102230246251565404236316681213378906
11102230246251565404236316682128906250
11102230246251565404236316682434082031
11102230246251565404236316687011718750
11102230246251565404236316688537597656
11102230246251565404236316711425781250
11102230246251565404236316719055175781
11102230246251565404236316833496093750
11102230246251565404236316871643066406
11102230246251565404236317443847656250
11102230246251565404236317634582519531
11102230246251565404236320495605468750
11102230246251565404236321449279785156
11102230246251565404236335754394531250
11102230246251565404236340522766113281
11102230246251565404236412048339843750
11102230246251565404236435890197753906
11102230246251565404236793518066406250
11102230246251565404236912727355957031
11102230246251565404238700866699218750
11102230246251565404239296913146972656
11102230246251565404248237609863281250
11102230246251565404251217842102050781
11102230246251565404295921325683593750
11102230246251565404310822486877441406
11102230246251565404534339904785156250
11102230246251565404608845710754394531
11102230246251565405726432800292968750
11102230246251565406098961830139160156
11102230246251565411686897277832031250
11102230246251565413549542427062988281
11102230246251565441489219665527343750
11102230246251565450802445411682128906
11102230246251565590500831604003906250
11102230246251565637066960334777832031
11102230246251566335558891296386718750
11102230246251566568389534950256347656
11102230246251570060849189758300781250
11102230246251571225002408027648925781
11102230246251588687300682067871093750
11102230246251594508066773414611816406
11102230246251681819558143615722656250
11102230246251710923388600349426269531
11102230246252147480845451354980468750
11102230246252292999997735023498535156
11102230246254475787281990051269531250
11102230246255203383043408393859863281
11102230246266117319464683532714843750
11102230246269755298271775245666503906
11102230246324324980378150939941406250
11102230246342514874413609504699707031
11102230246615363284945487976074218750
11102230246706312755122780799865722656
11102230248070554807782173156738281250
11102230248525302158668637275695800781
11102230255346512421965599060058593750
11102230257620249176397919654846191406
11102230291726300492882728576660156250
11102230303094984265044331550598144531
11102230473625240847468376159667968750
11102230530468659708276391029357910156
11102231383119942620396614074707031250
11102231667337036924436688423156738281
11102235930593451485037803649902343750
11102237351678923005238175392150878906
11102258667960995808243751525878906250
11102265773388353409245610237121582031
11102372354798717424273490905761718750
11102407881935505429282784461975097656
11102940788987325504422187805175781250
11103118424671265529468655586242675781
11105782959930365905165672302246093750
11106671138350066030398011207580566406
11119993814645567908883094787597656250
11124434706744068535044789314270019531
11191048088221577927470207214355468750
11213252548714081058278679847717285156
11546319456101628020405769348144531250
11657341758564143674448132514953613281
13877787807814456755295395851135253906
55511151231257827021181583404541015625
55511151231257827021181583404541015630
55511151231257827021181583404541015631
55511151231257827021181583404541015650
55511151231257827021181583404541015656
55511151231257827021181583404541015750
55511151231257827021181583404541015781
55511151231257827021181583404541016250
55511151231257827021181583404541016406
55511151231257827021181583404541018750
55511151231257827021181583404541019531
55511151231257827021181583404541031250
55511151231257827021181583404541035156
55511151231257827021181583404541093750
55511151231257827021181583404541113281
55511151231257827021181583404541406250
55511151231257827021181583404541503906
55511151231257827021181583404542968750
55511151231257827021181583404543457031
55511151231257827021181583404550781250
55511151231257827021181583404553222656
55511151231257827021181583404589843750
55511151231257827021181583404602050781
55511151231257827021181583404785156250
55511151231257827021181583404846191406
55511151231257827021181583405761718750
55511151231257827021181583406066894531
55511151231257827021181583410644531250
55511151231257827021181583412170410156
55511151231257827021181583435058593750
55511151231257827021181583442687988281
55511151231257827021181583557128906250
55511151231257827021181583595275878906
55511151231257827021181584167480468750
55511151231257827021181584358215332031
55511151231257827021181587219238281250
55511151231257827021181588172912597656
55511151231257827021181602478027343750
55511151231257827021181607246398925781
55511151231257827021181678771972656250
55511151231257827021181702613830566406
55511151231257827021182060241699218750
55511151231257827021182179450988769531
55511151231257827021183967590332031250
55511151231257827021184563636779785156
55511151231257827021193504333496093750
55511151231257827021196484565734863281
55511151231257827021241188049316406250
55511151231257827021256089210510253906
55511151231257827021479606628417968750
55511151231257827021554112434387207031
55511151231257827022671699523925781250
55511151231257827023044228553771972656
55511151231257827028632164001464843750
55511151231257827030494809150695800781
55511151231257827058434486389160156250
55511151231257827067747712135314941406
55511151231257827207446098327636718750
55511151231257827254012227058410644531
55511151231257827952504158020019531250
55511151231257828185334801673889160156
55511151231257831677794456481933593750
55511151231257832841947674751281738281
55511151231257850304245948791503906250
55511151231257856125012040138244628906
55511151231257943436503410339355468750
55511151231257972540333867073059082031
55511151231258409097790718078613281250
55511151231258554616943001747131347656
55511151231260737404227256774902343750
55511151231261464999988675117492675781
55511151231272378936409950256347656250
55511151231276016915217041969299316406
55511151231330586597323417663574218750
55511151231348776491358876228332519531
55511151231621624901890754699707031250
55511151231712574372068047523498535156
55511151233076816424727439880371093750
55511151233531563775613903999328613281
55511151240352774038910865783691406250
55511151242626510793343186378479003906
55511151276732562109827995300292968750
55511151288101245881989598274230957031
55511151458631502464413642883300781250
55511151515474921325221657752990722656
55511152368126204237341880798339843750
55511152652343298541381955146789550781
55511156915599713101983070373535156250
55511158336685184622183442115783691406
55511179652967257425189018249511718750
55511186758394615026190876960754394531
55511293339804979041218757629394531250
55511328866941767046228051185607910156
55511861773993587121367454528808593750
55512039409677527146413922309875488281
55514703944936627522110939025878906250
55515592123356327647343277931213378906
55528914799651829525828361511230468750
55533355691750330151990056037902832031
55599969073227839544415473937988281250
55622173533720342675223946571350097656
55955240441107889637351036071777343750
56066262743570405291393399238586425781
57731597280508140102028846740722656250
58286708792820718372240662574768066406
69388939039072283776476979255676269531
277555756156289135105907917022705078125
277555756156289135105907917022705078130
277555756156289135105907917022705078131
277555756156289135105907917022705078150
277555756156289135105907917022705078156
277555756156289135105907917022705078250
277555756156289135105907917022705078281
277555756156289135105907917022705078750
277555756156289135105907917022705078906
277555756156289135105907917022705081250
277555756156289135105907917022705082031
277555756156289135105907917022705093750
277555756156289135105907917022705097656
277555756156289135105907917022705156250
277555756156289135105907917022705175781
277555756156289135105907917022705468750
277555756156289135105907917022705566406
277555756156289135105907917022707031250
277555756156289135105907917022707519531
277555756156289135105907917022714843750
277555756156289135105907917022717285156
277555756156289135105907917022753906250
277555756156289135105907917022766113281
277555756156289135105907917022949218750
277555756156289135105907917023010253906
277555756156289135105907917023925781250
277555756156289135105907917024230957031
277555756156289135105907917028808593750
277555756156289135105907917030334472656
277555756156289135105907917053222656250
277555756156289135105907917060852050781
277555756156289135105907917175292968750
277555756156289135105907917213439941406
277555756156289135105907917785644531250
277555756156289135105907917976379394531
277555756156289135105907920837402343750
277555756156289135105907921791076660156
277555756156289135105907936096191406250
277555756156289135105907940864562988281
277555756156289135105908012390136718750
277555756156289135105908036231994628906
277555756156289135105908393859863281250
277555756156289135105908513069152832031
277555756156289135105910301208496093750
277555756156289135105910897254943847656
277555756156289135105919837951660156250
277555756156289135105922818183898925781
277555756156289135105967521667480468750
277555756156289135105982422828674316406
277555756156289135106205940246582031250
277555756156289135106280446052551269531
277555756156289135107398033142089843750
277555756156289135107770562171936035156
277555756156289135113358497619628906250
277555756156289135115221142768859863281
277555756156289135143160820007324218750
277555756156289135152474045753479003906
277555756156289135292172431945800781250
277555756156289135338738560676574707031
277555756156289136037230491638183593750
277555756156289136270061135292053222656
277555756156289139762520790100097656250
277555756156289140926674008369445800781
277555756156289158388972282409667968750
277555756156289164209738373756408691406
277555756156289251521229743957519531250
277555756156289280625060200691223144531
277555756156289717182517051696777343750
277555756156289862701669335365295410156
277555756156292045488953590393066406250
277555756156292773084715008735656738281
277555756156303687021136283874511718750
277555756156307324999943375587463378906
277555756156361894682049751281738281250
277555756156380084576085209846496582031
277555756156652932986617088317871093750
277555756156743882456794381141662597656
277555756158108124509453773498535156250
277555756158562871860340237617492675781
277555756165384082123637199401855468750
277555756167657818878069519996643066406
277555756201763870194554328918457031250
277555756213132553966715931892395019531
277555756383662810549139976501464843750
277555756440506229409947991371154785156
277555757293157512322068214416503906250
277555757577374606626108288764953613281
277555761840631021186709403991699218750
277555763261716492706909775733947753906
277555784577998565509915351867675781250
277555791683425923110917210578918457031
277555898264836287125945091247558593750
277555933791973075130954384803771972656
277556466699024895206093788146972656250
277556644334708835231140255928039550781
277559308869967935606837272644042968750
277560197048387635732069611549377441406
277573519724683137610554695129394531250
277577960616781638236716389656066894531
277644573998259147629141807556152343750
277666778458751650759950280189514160156
277999845366139197722077369689941406250
278110867668601713376119732856750488281
279776202205539448186755180358886718750
280331313717852026456966996192932128906
288657986402540700510144233703613281250
291433543964103591861203312873840332031
346944695195361418882384896278381347656
