841
871
24389
24418
24419
25260
707281
707310
707311
708122
708152
732541
20511149
20511178
20511179
20511990
20512020
20535538
20536409
21243690
594823321
594823350
594823351
594824162
594824192
594847710
594848581
595530602
595555862
616067011
17249876309
17249876338
17249876339
17249877150
17249877180
17249900698
17249901569
17250583590
17250608850
17270387458
17271119999
17865943320
500246412961
500246412990
500246412991
500246413802
500246413832
500246437350
500246438221
500247120242
500247145502
500266924110
500267656651
500841236282
500862479972
518112356281
14507145975869
14507145975898
14507145975899
14507145976710
14507145976740
14507146000258
14507146001129
14507146683150
14507146708410
14507166487018
14507167219559
14507740799190
14507762042880
14524395852178
14525011919189
15025258332150
420707233300201
420707233300230
420707233300231
420707233301042
420707233301072
420707233324590
420707233325461
420707234007482
420707234032742
420707253811350
420707254543891
420707828123522
420707849367212
420724483176510
420725099243521
421207479713162
421225345656482
435732491632351
12200509765705829
12200509765705858
12200509765705859
12200509765706670
12200509765706700
12200509765730218
12200509765731089
12200509766413110
12200509766438370
12200509786216978
12200509786949519
12200510360529150
12200510381772840
12200527015582138
12200527631649149
12201010012118790
12201027878062110
12215016911681698
12215535024037979
12636242257338180
353814783205469041
353814783205469070
353814783205469071
353814783205469882
353814783205469912
353814783205493430
353814783205494301
353814783206176322
353814783206201582
353814783225980190
353814783226712731
353814783800292362
353814783821536052
353814800455345350
353814801071412361
353815283451882002
353815301317825322
353829290351444910
353829808463801191
354235490438769242
354250515697101392
366451025462807221
10260628712958602189
10260628712958602218
10260628712958602219
10260628712958603030
10260628712958603060
10260628712958626578
10260628712958627449
10260628712959309470
10260628712959334730
10260628712979113338
10260628712979845879
10260628713553425510
10260628713574669200
10260628730208478498
10260628730824545509
10260629213205015150
10260629231070958470
10260643220104578058
10260643738216934339
10261049420191902390
10261064445450234540
10272829222724308018
10273264955215940369
10627079738421409410
297558232675799463481
297558232675799463510
297558232675799463511
297558232675799464322
297558232675799464352
297558232675799487870
297558232675799488741
297558232675800170762
297558232675800196022
297558232675819974630
297558232675820707171
297558232676394286802
297558232676415530492
297558232693049339790
297558232693665406801
297558233176045876442
297558233193911819762
297558247182945439350
297558247701057795631
297558653383032763682
297558668408291095832
297570433185565169310
297570868918056801661
297912047459004932522
297924683701262270702
308185312414220872891
8629188747598184440949
8629188747598184440978
8629188747598184440979
8629188747598184441790
8629188747598184441820
8629188747598184465338
8629188747598184466209
8629188747598185148230
8629188747598185173490
8629188747598204952098
8629188747598205684639
8629188747598779264270
8629188747598800507960
8629188747615434317258
8629188747616050384269
8629188748098430853910
8629188748116296797230
8629188762105330416818
8629188762623442773099
8629189168305417741150
8629189183330676073300
8629200948107950146778
8629201383840441779129
8629542562381389909990
8629555198623647248170
8639449376311143043138
8639815827336605850359
8937374060012405313840
250246473680347348787521
250246473680347348787550
250246473680347348787551
250246473680347348788362
250246473680347348788392
250246473680347348811910
250246473680347348812781
250246473680347349494802
250246473680347349520062
250246473680347369298670
250246473680347370031211
250246473680347943610842
250246473680347964854532
250246473680364598663830
250246473680365214730841
250246473680847595200482
250246473680865461143802
250246473694854494763390
250246473695372607119671
250246474101054582087722
250246474116079840419872
250246485880857114493350
250246486316589606125701
250246827495130554256562
250246840131372811594742
250256734309060307389710
250257100760085770196931
250544031913023148251002
250554658992761569660412
259183847740359754101361
7257147736730073114838109
7257147736730073114838138
7257147736730073114838139
7257147736730073114838950
7257147736730073114838980
7257147736730073114862498
7257147736730073114863369
7257147736730073115545390
7257147736730073115570650
7257147736730073135349258
7257147736730073136081799
7257147736730073709661430
7257147736730073730905120
7257147736730090364714418
7257147736730090980781429
7257147736730573361251070
7257147736730591227194390
7257147736744580260813978
7257147736745098373170259
7257147737150780348138310
7257147737165805606470460
7257147748930582880543938
7257147749366315372176289
7257148090544856320307150
7257148103181098577645330
7257157997358786073440298
7257158363809811536247519
7257445294962748914301590
7257455922042487335711000
7265776925477671299279058
7266085110790085520151949
7516331584470432868939470
210457284365172120330305161
210457284365172120330305190
210457284365172120330305191
210457284365172120330306002
210457284365172120330306032
210457284365172120330329550
210457284365172120330330421
210457284365172120331012442
210457284365172120331037702
210457284365172120350816310
210457284365172120351548851
210457284365172120925128482
210457284365172120946372172
210457284365172137580181470
210457284365172138196248481
210457284365172620576718122
210457284365172638442661442
210457284365186627476281030
210457284365187145588637311
210457284365592827563605362
210457284365607852821937512
210457284377372630096010990
210457284377808362587643341
210457284718986903535774202
210457284731623145793112382
210457294625800833288907350
210457294992251858751714571
210457581923404796129768642
210457592550484534551178052
210465913553919718514746110
210466221739232132735619001
210707530838852467679092682
210716468212912480084406522
217973615949642553199244631
6103261246589991489578849669
6103261246589991489578849698
6103261246589991489578849699
6103261246589991489578850510
6103261246589991489578850540
6103261246589991489578874058
6103261246589991489578874929
6103261246589991489579556950
6103261246589991489579582210
6103261246589991489599360818
6103261246589991489600093359
6103261246589991490173672990
6103261246589991490194916680
6103261246589991506828725978
6103261246589991507444792989
6103261246589991989825262630
6103261246589992007691205950
6103261246590005996724825538
6103261246590006514837181819
6103261246590412196812149870
6103261246590427222070482020
6103261246602191999344555498
6103261246602627731836187849
6103261246943806272784318710
6103261246956442515041656890
6103261256850620202537451858
6103261257217071228000259079
6103261544148224165378313150
6103261554775303903799722560
6103269875778739087763290618
6103270183964051501984163509
6103511493063671836927637190
6103520430437731849332951030
6110518394326721562693687778
6110777578174461922447789139
6321234862539634042778094300
176994576151109753197786640401
176994576151109753197786640430
176994576151109753197786640431
176994576151109753197786641242
176994576151109753197786641272
176994576151109753197786664790
176994576151109753197786665661
176994576151109753197787347682
176994576151109753197787372942
176994576151109753197807151550
176994576151109753197807884091
176994576151109753198381463722
176994576151109753198402707412
176994576151109753215036516710
176994576151109753215652583721
176994576151109753698033053362
176994576151109753715898996682
176994576151109767704932616270
176994576151109768223044972551
176994576151110173905019940602
176994576151110188930278272752
176994576151121953707552346230
176994576151122389440043978581
176994576151463567980992109442
176994576151476204223249447622
176994576161370381910745242590
176994576161736832936208049811
176994576448667985873586103882
176994576459295065612007513292
176994584780298500795971081350
176994585088483813210191954241
176994826397583433545135427922
176994835334957493557540741762
177001833298846483270901478510
177002092482694223630655579871
177205033435474925318116945562
177212549767059395750985885032
183315811013649387240564734701
5132842708382182842735812571629
5132842708382182842735812571658
5132842708382182842735812571659
5132842708382182842735812572470
5132842708382182842735812572500
5132842708382182842735812596018
5132842708382182842735812596889
5132842708382182842735813278910
5132842708382182842735813304170
5132842708382182842735833082778
5132842708382182842735833815319
5132842708382182842736407394950
5132842708382182842736428638640
5132842708382182842753062447938
5132842708382182842753678514949
5132842708382182843236058984590
5132842708382182843253924927910
5132842708382182857242958547498
5132842708382182857761070903779
5132842708382183263443045871830
5132842708382183278468304203980
5132842708382195043245578277458
5132842708382195478978069909809
5132842708382536657519018040670
5132842708382549293761275378850
5132842708392443471448771173818
5132842708392809922474233981039
5132842708679741075411612035110
5132842708690368155150033444520
5132842717011371590333997012578
5132842717319556902748217885469
5132842958628656523083161359150
5132842967566030583095566672990
5132849965529919572808927409738
5132850224713767313168681511099
5133053165666548014856142876790
5133060681998132485289011816260
5138945969628772834225391421298
5139163943244722476778590665929
5316158519395832229976377306330
148852438543083302439338564577241
148852438543083302439338564577270
148852438543083302439338564577271
148852438543083302439338564578082
148852438543083302439338564578112
148852438543083302439338564601630
148852438543083302439338564602501
148852438543083302439338565284522
148852438543083302439338565309782
148852438543083302439338585088390
148852438543083302439338585820931
148852438543083302439339159400562
148852438543083302439339180644252
148852438543083302439355814453550
148852438543083302439356430520561
148852438543083302439838810990202
148852438543083302439856676933522
148852438543083302453845710553110
148852438543083302454363822909391
148852438543083302860045797877442
148852438543083302875071056209592
148852438543083314639848330283070
148852438543083315075580821915421
148852438543083656254121770046282
148852438543083668890364027384462
148852438543093563068051523179430
148852438543093929519076985986651
148852438543380860672014364040722
148852438543391487751752785450132
148852438551712491186936749018190
148852438552020676499350969891081
148852438793329776119685913364762
148852438802267150179698318678602
148852445800231039169411679415350
148852446059414886909771433516711
148852649000367667611458894882402
148852656516699252081891763821872
148858541804329892430828143426910
148858759777945842073381342671541
149029433119234412192536351217642
149035754354096951826579129311942
154168597062479134669314941883571
4316720717749415770740818372739989
4316720717749415770740818372740018
4316720717749415770740818372740019
4316720717749415770740818372740830
4316720717749415770740818372740860
4316720717749415770740818372764378
4316720717749415770740818372765249
4316720717749415770740818373447270
4316720717749415770740818373472530
4316720717749415770740818393251138
4316720717749415770740818393983679
4316720717749415770740818967563310
4316720717749415770740818988807000
4316720717749415770740835622616298
4316720717749415770740836238683309
4316720717749415770741318619152950
4316720717749415770741336485096270
4316720717749415770755325518715858
4316720717749415770755843631072139
4316720717749415771161525606040190
4316720717749415771176550864372340
4316720717749415782941328138445818
4316720717749415783377060630078169
4316720717749416124555601578209030
4316720717749416137191843835547210
4316720717749426031369531331342178
4316720717749426397820556794149399
4316720717749713328973494172203470
4316720717749723956053232593612880
4316720717758044959488416557180938
4316720717758353144800830778053829
4316720717999662244421165721527510
4316720718008599618481178126841350
4316720725006563507470891487578098
4316720725265747355211251241679459
4316720928206700135912938703045150
4316720935723031720383371571984620
4316726821010662360732307951589658
4316727038984278310374861150834289
4316897712325566880494016159380390
4316904033560429420128058937474690
4321853560457797953583554185311618
4322036876268811602970794750046319
4470889314811894905410133314623560
125184900814733057351483732809459681
125184900814733057351483732809459710
125184900814733057351483732809459711
125184900814733057351483732809460522
125184900814733057351483732809460552
125184900814733057351483732809484070
125184900814733057351483732809484941
125184900814733057351483732810166962
125184900814733057351483732810192222
125184900814733057351483732829970830
125184900814733057351483732830703371
125184900814733057351483733404283002
125184900814733057351483733425526692
125184900814733057351483750059335990
125184900814733057351483750675403001
125184900814733057351484233055872642
125184900814733057351484250921815962
125184900814733057351498239955435550
125184900814733057351498758067791831
125184900814733057351904440042759882
125184900814733057351919465301092032
125184900814733057363684242575165510
125184900814733057364119975066797861
125184900814733057705298516014928722
125184900814733057717934758272266902
125184900814733067612112445768061870
125184900814733067978563471230869091
125184900814733354909716408608923162
125184900814733365536796147030332572
125184900814741686540231330993900630
125184900814741994725543745214773521
125184900814983303825164080158247202
125184900814992241199224092563561042
125184900821990205088213805924297790
125184900822249388935954165678399151
125184901025190341716655853139764842
125184901032706673301126286008704312
125184906917994303941475222388309350
125184907135967919891117775587553981
125185077809309208461236930596100082
125185084130544071000870973374194382
125190033657441439534326468622031310
125190216973252453183713709186766011
125333753253276140653923071374036922
125339069411795536486153047751343252
129655790129544952256893866124083241
3630362123627258663193028251474330749
3630362123627258663193028251474330778
3630362123627258663193028251474330779
3630362123627258663193028251474331590
3630362123627258663193028251474331620
3630362123627258663193028251474355138
3630362123627258663193028251474356009
3630362123627258663193028251475038030
3630362123627258663193028251475063290
3630362123627258663193028251494841898
3630362123627258663193028251495574439
3630362123627258663193028252069154070
3630362123627258663193028252090397760
3630362123627258663193028268724207058
3630362123627258663193028269340274069
3630362123627258663193028751720743710
3630362123627258663193028769586687030
3630362123627258663193042758620306618
3630362123627258663193043276732662899
3630362123627258663193448958707630950
3630362123627258663193463983965963100
3630362123627258663205228761240036578
3630362123627258663205664493731668929
3630362123627258663546843034679799790
3630362123627258663559479276937137970
3630362123627258673453656964432932938
3630362123627258673820107989895740159
3630362123627258960751260927273794230
3630362123627258971378340665695203640
3630362123627267292381775849658771698
3630362123627267600567088263879644589
3630362123627508909666708598823118270
3630362123627517847040768611228432110
3630362123634515810929758324589168858
3630362123634774994777498684343270219
3630362123837715947558200371804635910
3630362123845232279142670804673575380
3630362129730519909783019741053180418
3630362129948493525732662294252425049
3630362300621834814302781449260971150
3630362306943069676842415492039065450
3630367256469967045375870987286902378
3630367439785778059025258227851637079
3630510976065801746495467590038907990
3630516292224321142327697566416214320
3634678844345008078963769069847070738
3634833012942070558098438384788954309
3760017913756803615449922117598413990
105280501585190501232597819292755591721
105280501585190501232597819292755591750
105280501585190501232597819292755591751
105280501585190501232597819292755592562
105280501585190501232597819292755592592
105280501585190501232597819292755616110
105280501585190501232597819292755616981
105280501585190501232597819292756299002
105280501585190501232597819292756324262
105280501585190501232597819292776102870
105280501585190501232597819292776835411
105280501585190501232597819293350415042
105280501585190501232597819293371658732
105280501585190501232597819310005468030
105280501585190501232597819310621535041
105280501585190501232597819793002004682
105280501585190501232597819810867948002
105280501585190501232597833799901567590
105280501585190501232597834318013923871
105280501585190501232598239999988891922
105280501585190501232598255025247224072
105280501585190501232610019802521297550
105280501585190501232610455535012929901
105280501585190501232951634075961060762
105280501585190501232964270318218398942
105280501585190501242858448005714193910
105280501585190501243224899031177001131
105280501585190501530156051968555055202
105280501585190501540783131706976464612
105280501585190509861786566890940032670
105280501585190510169971879305160905561
105280501585190751479071499640104379242
105280501585190760416445559652509693082
105280501585197758380334549365870429830
105280501585198017564182289725624531191
105280501585400958516962991413085896882
105280501585408474848547461845954836352
105280501591293762479187810782334441390
105280501591511736095137453335533686021
105280501762185077383707572490542232122
105280501768506312246247206533320326422
105280506718033209614780662028568163350
105280506901349020628430049269132898051
105280650437629044315900258631320168962
105280655753787563711732488607697475292
105284818305908250648368560111128331710
105284972474505313127503229426070215281
105405686486005234289949303025565051402
105410157375320046184854713158879674962
109040519498947304848047741410354005711
