144
157
1728
1740
1741
1885
20736
20748
20749
20880
20893
22621
248832
248844
248845
248976
248989
250560
250717
271453
2985984
2985996
2985997
2986128
2986141
2987712
2987869
3006720
3008605
3257437
35831808
35831820
35831821
35831952
35831965
35833536
35833693
35852544
35854429
36080640
36103261
39089245
429981696
429981708
429981709
429981840
429981853
429983424
429983581
430002432
430004317
430230528
430253149
432967680
433239133
469070941
5159780352
5159780364
5159780365
5159780496
5159780509
5159782080
5159782237
5159801088
5159802973
5160029184
5160051805
5162766336
5163037789
5195612160
5198869597
5628851293
61917364224
61917364236
61917364237
61917364368
61917364381
61917365952
61917366109
61917384960
61917386845
61917613056
61917635677
61920350208
61920621661
61953196032
61956453469
62347345920
62386435165
67546215517
743008370688
743008370700
743008370701
743008370832
743008370845
743008372416
743008372573
743008391424
743008393309
743008619520
743008642141
743011356672
743011628125
743044202496
743047459933
743438352384
743477441629
748168151040
748637221981
810554586205
8916100448256
8916100448268
8916100448269
8916100448400
8916100448413
8916100449984
8916100450141
8916100468992
8916100470877
8916100697088
8916100719709
8916103434240
8916103705693
8916136280064
8916139537501
8916530429952
8916569519197
8921260228608
8921729299549
8978017812480
8983646663773
9726655034461
106993205379072
106993205379084
106993205379085
106993205379216
106993205379229
106993205380800
106993205380957
106993205399808
106993205401693
106993205627904
106993205650525
106993208365056
106993208636509
106993241210880
106993244468317
106993635360768
106993674450013
106998365159424
106998834230365
107055122743296
107060751594589
107736213749760
107803759965277
116719860413533
1283918464548864
1283918464548876
1283918464548877
1283918464549008
1283918464549021
1283918464550592
1283918464550749
1283918464569600
1283918464571485
1283918464797696
1283918464820317
1283918467534848
1283918467806301
1283918500380672
1283918503638109
1283918894530560
1283918933619805
1283923624329216
1283924093400157
1283980381913088
1283986010764381
1284661472919552
1284729019135069
1292834564997120
1293645119583325
1400638324962397
15407021574586368
15407021574586380
15407021574586381
15407021574586512
15407021574586525
15407021574588096
15407021574588253
15407021574607104
15407021574608989
15407021574835200
15407021574857821
15407021577572352
15407021577843805
15407021610418176
15407021613675613
15407022004568064
15407022043657309
15407026734366720
15407027203437661
15407083491950592
15407089120801885
15407764582957056
15407832129172573
15415937675034624
15416748229620829
15514014779965440
15523741434999901
16807659899548765
184884258895036416
184884258895036428
184884258895036429
184884258895036560
184884258895036573
184884258895038144
184884258895038301
184884258895057152
184884258895059037
184884258895285248
184884258895307869
184884258898022400
184884258898293853
184884258930868224
184884258934125661
184884259325018112
184884259364107357
184884264054816768
184884264523887709
184884320812400640
184884326441251933
184885001903407104
184885069449622621
184893174995484672
184893985550070877
184991252100415488
185000978755449949
186168177359585280
186284897219998813
201691918794585181
2218611106740436992
2218611106740437004
2218611106740437005
2218611106740437136
2218611106740437149
2218611106740438720
2218611106740438877
2218611106740457728
2218611106740459613
2218611106740685824
2218611106740708445
2218611106743422976
2218611106743694429
2218611106776268800
2218611106779526237
2218611107170418688
2218611107209507933
2218611111900217344
2218611112369288285
2218611168657801216
2218611174286652509
2218611849748807680
2218611917295023197
2218620022840885248
2218620833395471453
2218718099945816064
2218727826600850525
2219895025204985856
2220011745065399389
2234018128315023360
2235418766639985757
2420303025535022173
26623333280885243904
26623333280885243916
26623333280885243917
26623333280885244048
26623333280885244061
26623333280885245632
26623333280885245789
26623333280885264640
26623333280885266525
26623333280885492736
26623333280885515357
26623333280888229888
26623333280888501341
26623333280921075712
26623333280924333149
26623333281315225600
26623333281354314845
26623333286045024256
26623333286514095197
26623333342802608128
26623333348431459421
26623334023893614592
26623334091439830109
26623342196985692160
26623343007540278365
26623440274090622976
26623450000745657437
26624617199349792768
26624733919210206301
26638740302459830272
26640140940784792669
26808217539780280320
26825025199679829085
29043636306420266077
319479999370622926848
319479999370622926860
319479999370622926861
319479999370622926992
319479999370622927005
319479999370622928576
319479999370622928733
319479999370622947584
319479999370622949469
319479999370623175680
319479999370623198301
319479999370625912832
319479999370626184285
319479999370658758656
319479999370662016093
319479999371052908544
319479999371091997789
319479999375782707200
319479999376251778141
319479999432540291072
319479999438169142365
319480000113631297536
319480000181177513053
319480008286723375104
319480009097277961309
319480106363828305920
319480116090483340381
319481283289087475712
319481400008947889245
319495406392197513216
319496807030522475613
319664883629517963264
319681691289417512029
321698610477363363840
321900302396157949021
348523635677043192925
3833759992447475122176
3833759992447475122188
3833759992447475122189
3833759992447475122320
3833759992447475122333
3833759992447475123904
3833759992447475124061
3833759992447475142912
3833759992447475144797
3833759992447475371008
3833759992447475393629
3833759992447478108160
3833759992447478379613
3833759992447510953984
3833759992447514211421
3833759992447905103872
3833759992447944193117
3833759992452634902528
3833759992453103973469
3833759992509392486400
3833759992515021337693
3833759993190483492864
3833759993258029708381
3833760001363575570432
3833760002174130156637
3833760099440680501248
3833760109167335535709
3833761276365939671040
3833761393085800084573
3833775399469049708544
3833776800107374670941
3833944876706370158592
3833961684366269707357
3835978603554215559168
3836180295473010144349
3860383325728360366080
3862803628753895388253
4182283628124518315101
46005119909369701466112
46005119909369701466124
46005119909369701466125
46005119909369701466256
46005119909369701466269
46005119909369701467840
46005119909369701467997
46005119909369701486848
46005119909369701488733
46005119909369701714944
46005119909369701737565
46005119909369704452096
46005119909369704723549
46005119909369737297920
46005119909369740555357
46005119909370131447808
46005119909370170537053
46005119909374861246464
46005119909375330317405
46005119909431618830336
46005119909437247681629
46005119910112709836800
46005119910180256052317
46005119918285801914368
46005119919096356500573
46005120016362906845184
46005120026089561879645
46005121193288166014976
46005121310008026428509
46005135316391276052480
46005136717029601014877
46005304793628596502528
46005321601288496051293
46007338520476441903104
46007540212395236488285
46031743242650586710016
46034163545676121732189
46324599908740324392960
46353643545046744659037
50187403537494219781213
552061438912436417593344
552061438912436417593356
552061438912436417593357
552061438912436417593488
552061438912436417593501
552061438912436417595072
552061438912436417595229
552061438912436417614080
552061438912436417615965
552061438912436417842176
552061438912436417864797
552061438912436420579328
552061438912436420850781
552061438912436453425152
552061438912436456682589
552061438912436847575040
552061438912436886664285
552061438912441577373696
552061438912442046444637
552061438912498334957568
552061438912503963808861
552061438913179425964032
552061438913246972179549
552061438921352518041600
552061438922163072627805
552061439019429622972416
552061439029156278006877
552061440196354882142208
552061440313074742555741
552061454319457992179712
552061455720096317142109
552061623796695312629760
552061640604355212178525
552063657523543158030336
552063859215461952615517
552088062245717302837248
552090482548742837859421
552380918911807040520192
552409962548113460786269
555895198904883892715520
556243722540560935908445
602248842449930637374557
6624737266949237011120128
6624737266949237011120140
6624737266949237011120141
6624737266949237011120272
6624737266949237011120285
6624737266949237011121856
6624737266949237011122013
6624737266949237011140864
6624737266949237011142749
6624737266949237011368960
6624737266949237011391581
6624737266949237014106112
6624737266949237014377565
6624737266949237046951936
6624737266949237050209373
6624737266949237441101824
6624737266949237480191069
6624737266949242170900480
6624737266949242639971421
6624737266949298928484352
6624737266949304557335645
6624737266949980019490816
6624737266950047565706333
6624737266958153111568384
6624737266958963666154589
6624737267056230216499200
6624737267065956871533661
6624737268233155475668992
6624737268349875336082525
6624737282356258585706496
6624737283756896910668893
6624737451833495906156544
6624737468641155805705309
6624739485560343751557120
6624739687252262546142301
6624763890282517896364032
6624766310585543431386205
6625056746948607634046976
6625085790584914054313053
6628571026941684486242304
6628919550577361529435229
6670742386858606712586240
6674924670486731230901341
7226986109399167648494685
79496847203390844133441536
79496847203390844133441548
79496847203390844133441549
79496847203390844133441680
79496847203390844133441693
79496847203390844133443264
79496847203390844133443421
79496847203390844133462272
79496847203390844133464157
79496847203390844133690368
79496847203390844133712989
79496847203390844136427520
79496847203390844136698973
79496847203390844169273344
79496847203390844172530781
79496847203390844563423232
79496847203390844602512477
79496847203390849293221888
79496847203390849762292829
79496847203390906050805760
79496847203390911679657053
79496847203391587141812224
79496847203391654688027741
79496847203399760233889792
79496847203400570788475997
79496847203497837338820608
79496847203507563993855069
79496847204674762597990400
79496847204791482458403933
79496847218797865708027904
79496847220198504032990301
79496847388275103028477952
79496847405082762928026717
79496849422001950873878528
79496849623693869668463709
79496873826724125018685440
79496876247027150553707613
79497166683390214756368384
79497195727026521176634461
79500680963383291608563712
79501029487018968651756637
79542852323300213834907648
79547034606928338353222749
80048908642303280551034880
80099096045840774770816093
86723833312790011781936221
953962166440690129601298432
953962166440690129601298444
953962166440690129601298445
953962166440690129601298576
953962166440690129601298589
953962166440690129601300160
953962166440690129601300317
953962166440690129601319168
953962166440690129601321053
953962166440690129601547264
953962166440690129601569885
953962166440690129604284416
953962166440690129604555869
953962166440690129637130240
953962166440690129640387677
953962166440690130031280128
953962166440690130070369373
953962166440690134761078784
953962166440690135230149725
953962166440690191518662656
953962166440690197147513949
953962166440690872609669120
953962166440690940155884637
953962166440699045701746688
953962166440699856256332893
953962166440797122806677504
953962166440806849461711965
953962166441974048065847296
953962166442090767926260829
953962166456097151175884800
953962166457497789500847197
953962166625574388496334848
953962166642382048395883613
953962168659301236341735424
953962168860993155136320605
953962193064023410486542336
953962195484326436021564509
953962485920689500224225280
953962514964325806644491357
953966000200682577076420608
953966348724318254119613533
954008171560599499302764544
954012353844227623821079645
954514227879602566018891776
954564415283140060238672989
960586903707639366612418560
961189152550089297249793117
1040685999753480141383234653
11447545997288281555215581184
11447545997288281555215581196
11447545997288281555215581197
11447545997288281555215581328
11447545997288281555215581341
11447545997288281555215582912
11447545997288281555215583069
11447545997288281555215601920
11447545997288281555215603805
11447545997288281555215830016
11447545997288281555215852637
11447545997288281555218567168
11447545997288281555218838621
11447545997288281555251412992
11447545997288281555254670429
11447545997288281555645562880
11447545997288281555684652125
11447545997288281560375361536
11447545997288281560844432477
11447545997288281617132945408
11447545997288281622761796701
11447545997288282298223951872
11447545997288282365770167389
11447545997288290471316029440
11447545997288291281870615645
11447545997288388548420960256
11447545997288398275075994717
11447545997289565473680130048
11447545997289682193540543581
11447545997303688576790167552
11447545997305089215115129949
11447545997473165814110617600
11447545997489973474010166365
11447545999506892661956018176
11447545999708584580750603357
11447546023911614836100825088
11447546026331917861635847261
11447546316768280925838508032
11447546345811917232258774109
11447549831048274002690703360
11447550179571909679733896285
11447592002408190924917047296
11447596184691819049435362397
11448098058727193991633174528
11448148246130731485852955741
11454170734555230792226701312
11454772983397680722864075869
11527042844491672399349022720
11534269830601071566997517405
12488231997041761696598815837
137370551967459378662586974208
137370551967459378662586974220
137370551967459378662586974221
137370551967459378662586974352
137370551967459378662586974365
137370551967459378662586975936
137370551967459378662586976093
137370551967459378662586994944
137370551967459378662586996829
137370551967459378662587223040
137370551967459378662587245661
137370551967459378662589960192
137370551967459378662590231645
137370551967459378662622806016
137370551967459378662626063453
137370551967459378663016955904
137370551967459378663056045149
137370551967459378667746754560
137370551967459378668215825501
137370551967459378724504338432
137370551967459378730133189725
137370551967459379405595344896
137370551967459379473141560413
137370551967459387578687422464
137370551967459388389242008669
137370551967459485655792353280
137370551967459495382447387741
137370551967460662581051523072
137370551967460779300911936605
137370551967474785684161560576
137370551967476186322486522973
137370551967644262921482010624
137370551967661070581381559389
137370551969677989769327411200
137370551969879681688121996381
137370551994082711943472218112
137370551996503014969007240285
137370552286939378033209901056
137370552315983014339630167133
137370555801219371110062096384
137370556149743006787105289309
137370597972579288032288440320
137370602154862916156806755421
137371104028898291099004567552
137371154216301828593224348765
137377176704726327899598094336
137377778953568777830235468893
137450048814662769506720415744
137457275800772168674368910429
138324514133900068792188272640
138411237967212858803970208861
149858783964501140359185790045
1648446623609512543951043690496
1648446623609512543951043690508
1648446623609512543951043690509
1648446623609512543951043690640
1648446623609512543951043690653
1648446623609512543951043692224
1648446623609512543951043692381
1648446623609512543951043711232
1648446623609512543951043713117
1648446623609512543951043939328
1648446623609512543951043961949
1648446623609512543951046676480
1648446623609512543951046947933
1648446623609512543951079522304
1648446623609512543951082779741
1648446623609512543951473672192
1648446623609512543951512761437
1648446623609512543956203470848
1648446623609512543956672541789
1648446623609512544012961054720
1648446623609512544018589906013
1648446623609512544694052061184
1648446623609512544761598276701
1648446623609512552867144138752
1648446623609512553677698724957
1648446623609512650944249069568
1648446623609512660670904104029
1648446623609513827869508239360
1648446623609513944589368652893
1648446623609527950972618276864
1648446623609529351610943239261
1648446623609697428209938726912
1648446623609714235869838275677
1648446623611731155057784127488
1648446623611932846976578712669
1648446623636135877231928934400
1648446623638556180257463956573
1648446623928992543321666617344
1648446623958036179628086883421
1648446627443272536398518812672
1648446627791796172075562005597
1648446669614632453320745156608
1648446673796916081445263471709
1648447175670951456387461283840
1648447225858354993881681065053
1648453248346779493188054810624
1648453850595621943118692185181
1648526120456715934795177132032
1648533347442825333962825626717
1649400585775953234080644988928
1649487309609266024092426925149
1659894169606800825506259271680
1660934855606554305647642506333
1798305407574013684310229480541
19781359483314150527412524285952
19781359483314150527412524285964
19781359483314150527412524285965
19781359483314150527412524286096
19781359483314150527412524286109
19781359483314150527412524287680
19781359483314150527412524287837
19781359483314150527412524306688
19781359483314150527412524308573
19781359483314150527412524534784
19781359483314150527412524557405
19781359483314150527412527271936
19781359483314150527412527543389
19781359483314150527412560117760
19781359483314150527412563375197
19781359483314150527412954267648
19781359483314150527412993356893
19781359483314150527417684066304
19781359483314150527418153137245
19781359483314150527474441650176
19781359483314150527480070501469
19781359483314150528155532656640
19781359483314150528223078872157
19781359483314150536328624734208
19781359483314150537139179320413
19781359483314150634405729665024
19781359483314150644132384699485
19781359483314151811330988834816
19781359483314151928050849248349
19781359483314165934434098872320
19781359483314167335072423834717
19781359483314335411671419322368
19781359483314352219331318871133
19781359483316369138519264722944
19781359483316570830438059308125
19781359483340773860693409529856
19781359483343194163718944552029
19781359483633630526783147212800
19781359483662674163089567478877
19781359487147910519859999408128
19781359487496434155537042601053
19781359529319270436782225752064
19781359533501554064906744067165
19781360035375589439848941879296
19781360085562992977343161660509
19781366108051417476649535406080
19781366710300259926580172780637
19781438980161353918256657727488
19781446207147463317424306222173
19782313445480591217542125584384
19782400169313904007553907520605
19792807029311438808967739867136
19793847715311192289109123101789
19918730035281609906075111260160
19931218267278651667771710075997
21579664890888164211722753766493
237376313799769806328950291431424
237376313799769806328950291431436
237376313799769806328950291431437
237376313799769806328950291431568
237376313799769806328950291431581
237376313799769806328950291433152
237376313799769806328950291433309
237376313799769806328950291452160
237376313799769806328950291454045
237376313799769806328950291680256
237376313799769806328950291702877
237376313799769806328950294417408
237376313799769806328950294688861
237376313799769806328950327263232
237376313799769806328950330520669
237376313799769806328950721413120
237376313799769806328950760502365
237376313799769806328955451211776
237376313799769806328955920282717
237376313799769806329012208795648
237376313799769806329017837646941
237376313799769806329693299802112
237376313799769806329760846017629
237376313799769806337866391879680
237376313799769806338676946465885
237376313799769806435943496810496
237376313799769806445670151844957
237376313799769807612868755980288
237376313799769807729588616393821
237376313799769821735971866017792
237376313799769823136610190980189
237376313799769991213209186467840
237376313799770008020869086016605
237376313799772024940057031868416
237376313799772226631975826453597
237376313799796429662231176675328
237376313799798849965256711697501
237376313800089286328320914358272
237376313800118329964627334624349
237376313803603566321397766553600
237376313803952089957074809746525
237376313845774926238319992897536
237376313849957209866444511212637
237376314351831245241386709024768
237376314402018648778880928805981
237376320424507073278187302551552
237376321026755915728117939926109
237376393296617009719794424872960
237376400523603119118962073367645
237377267761936247019079892729856
237377354485769559809091674666077
237387761345767094610505507012608
237388802031766848090646890247261
237513684351737265707612878405632
237526172583734307469309477221469
239024760423379318872901335121920
239174619207343820013260520911965
258955978690657970540673045197917
2848515765597237675947403497177088
2848515765597237675947403497177100
2848515765597237675947403497177101
2848515765597237675947403497177232
2848515765597237675947403497177245
2848515765597237675947403497178816
2848515765597237675947403497178973
2848515765597237675947403497197824
2848515765597237675947403497199709
2848515765597237675947403497425920
2848515765597237675947403497448541
2848515765597237675947403500163072
2848515765597237675947403500434525
2848515765597237675947403533008896
2848515765597237675947403536266333
2848515765597237675947403927158784
2848515765597237675947403966248029
2848515765597237675947408656957440
2848515765597237675947409126028381
2848515765597237675947465414541312
2848515765597237675947471043392605
2848515765597237675948146505547776
2848515765597237675948214051763293
2848515765597237675956319597625344
2848515765597237675957130152211549
2848515765597237676054396702556160
2848515765597237676064123357590621
2848515765597237677231321961725952
2848515765597237677348041822139485
2848515765597237691354425071763456
2848515765597237692755063396725853
2848515765597237860831662392213504
2848515765597237877639322291762269
2848515765597239894558510237614080
2848515765597240096250429032199261
2848515765597264299280684382420992
2848515765597266719583709917443165
2848515765597557155946774120103936
2848515765597586199583080540370013
2848515765601071435939850972299264
2848515765601419959575528015492189
2848515765643242795856773198643200
2848515765647425079484897716958301
2848515766149299114859839914770432
2848515766199486518397334134551645
2848515772221974942896640508297216
2848515772824223785346571145671773
2848515845094084879338247630618624
2848515852321070988737415279113309
2848516719559404116637533098475520
2848516806283237429427544880411741
2848527213143234964228958712758272
2848528253829234717709100095992925
2848653136149205135326066084151296
2848665624381202177087762682967133
2850164212220847188491354540867584
2850314071004811689631713726657629
2868297125080551826474816021463040
2870095430488125840159126250943581
3107471744287895646488076542375005
34182189187166852111368841966125056
34182189187166852111368841966125068
34182189187166852111368841966125069
34182189187166852111368841966125200
34182189187166852111368841966125213
34182189187166852111368841966126784
34182189187166852111368841966126941
34182189187166852111368841966145792
34182189187166852111368841966147677
34182189187166852111368841966373888
34182189187166852111368841966396509
34182189187166852111368841969111040
34182189187166852111368841969382493
34182189187166852111368842001956864
34182189187166852111368842005214301
34182189187166852111368842396106752
34182189187166852111368842435195997
34182189187166852111368847125905408
34182189187166852111368847594976349
34182189187166852111368903883489280
34182189187166852111368909512340573
34182189187166852111369584974495744
34182189187166852111369652520711261
34182189187166852111377758066573312
34182189187166852111378568621159517
34182189187166852111475835171504128
34182189187166852111485561826538589
34182189187166852112652760430673920
34182189187166852112769480291087453
34182189187166852126775863540711424
34182189187166852128176501865673821
34182189187166852296253100861161472
34182189187166852313060760760710237
34182189187166854329979948706562048
34182189187166854531671867501147229
34182189187166878734702122851368960
34182189187166881155005148386391133
34182189187167171591368212589051904
34182189187167200635004519009317981
34182189187170685871361289441247232
34182189187171034394996966484440157
34182189187212857231278211667591168
34182189187217039514906336185906269
34182189187718913550281278383718400
34182189187769100953818772603499613
34182189193791589378318078977245184
34182189194393838220768009614619741
34182189266663699314759686099566592
34182189273890685424158853748061277
34182190141129018552058971567423488
34182190227852851864848983349359709
34182200634712849399650397181706240
34182201675398849153130538564940893
34182326557718819570747504553099264
34182339045950816612509201151915101
34183837633790461623912793009815552
34183987492574426125053152195605597
34201970546650166261896254490411008
34203768852057740275580564719891549
34419565500966621917697792257556480
34441145165857510081909515011322973
37289660931454747757856918508500061
410186270246002225336426103593500672
410186270246002225336426103593500684
410186270246002225336426103593500685
410186270246002225336426103593500816
410186270246002225336426103593500829
410186270246002225336426103593502400
410186270246002225336426103593502557
410186270246002225336426103593521408
410186270246002225336426103593523293
410186270246002225336426103593749504
410186270246002225336426103593772125
410186270246002225336426103596486656
410186270246002225336426103596758109
410186270246002225336426103629332480
410186270246002225336426103632589917
410186270246002225336426104023482368
410186270246002225336426104062571613
410186270246002225336426108753281024
410186270246002225336426109222351965
410186270246002225336426165510864896
410186270246002225336426171139716189
410186270246002225336426846601871360
410186270246002225336426914148086877
410186270246002225336435019693948928
410186270246002225336435830248535133
410186270246002225336533096798879744
410186270246002225336542823453914205
410186270246002225337710022058049536
410186270246002225337826741918463069
410186270246002225351833125168087040
410186270246002225353233763493049437
410186270246002225521310362488537088
410186270246002225538118022388085853
410186270246002227555037210333937664
410186270246002227756729129128522845
410186270246002251959759384478744576
410186270246002254380062410013766749
410186270246002544816425474216427520
410186270246002573860061780636693597
410186270246006059096418551068622848
410186270246006407620054228111815773
410186270246048230456335473294966784
410186270246052412739963597813281885
410186270246554286775338540011094016
410186270246604474178876034230875229
410186270252626962603375340604620800
410186270253229211445825271241995357
410186270325499072539816947726942208
410186270332726058649216115375436893
410186271199964391777116233194799104
410186271286688225089906244976735325
410186281693548222624707658809081856
410186282734234222378187800192316509
410186407616554192795804766180474880
410186420104786189837566462779290717
410187918692625834848970054637191168
410188068551409799350110413822981213
410206051605485539486953516117786624
410207849910893113500637826347267165
410423646559801995142755053884932096
410445226224692883306966776638698589
413034786011599463012373507090677760
413293741990290120982914180135875677
447475931177456973094283022102000733
4922235242952026704037113243122008064
4922235242952026704037113243122008076
4922235242952026704037113243122008077
4922235242952026704037113243122008208
4922235242952026704037113243122008221
4922235242952026704037113243122009792
4922235242952026704037113243122009949
4922235242952026704037113243122028800
4922235242952026704037113243122030685
4922235242952026704037113243122256896
4922235242952026704037113243122279517
4922235242952026704037113243124994048
4922235242952026704037113243125265501
4922235242952026704037113243157839872
4922235242952026704037113243161097309
4922235242952026704037113243551989760
4922235242952026704037113243591079005
4922235242952026704037113248281788416
4922235242952026704037113248750859357
4922235242952026704037113305039372288
4922235242952026704037113310668223581
4922235242952026704037113986130378752
4922235242952026704037114053676594269
4922235242952026704037122159222456320
4922235242952026704037122969777042525
4922235242952026704037220236327387136
4922235242952026704037229962982421597
4922235242952026704038397161586556928
4922235242952026704038513881446970461
4922235242952026704052520264696594432
4922235242952026704053920903021556829
4922235242952026704221997502017044480
4922235242952026704238805161916593245
4922235242952026706255724349862445056
4922235242952026706457416268657030237
4922235242952026730660446524007251968
4922235242952026733080749549542274141
4922235242952027023517112613744934912
4922235242952027052560748920165200989
4922235242952030537797105690597130240
4922235242952030886320741367640323165
4922235242952072709157022612823474176
4922235242952076891440650737341789277
4922235242952578765476025679539601408
4922235242952628952879563173759382621
4922235242958651441304062480133128192
4922235242959253690146512410770502749
4922235243031523551240504087255449600
4922235243038750537349903254903944285
4922235243905988870477803372723306496
4922235243992712703790593384505242717
4922235254399572701325394798337589248
4922235255440258701078874939720823901
4922235380322578671496491905708982272
4922235392810810668538253602307798109
4922236891398650313549657194165698560
4922237041257434278050797553351488605
4922255024311510018187640655646294016
4922256822616917592201324965875774557
4922472619265826473843442193413439488
4922494198930717362007653916167205981
4925083758717623941713060646619185152
4925342714696314599683601319664383069
4956417432139193556148482085088133120
4959524903883481451794970161630508125
5369711174129483677131396265224008797
59066822915424320448445358917464096768
59066822915424320448445358917464096780
59066822915424320448445358917464096781
59066822915424320448445358917464096912
59066822915424320448445358917464096925
59066822915424320448445358917464098496
59066822915424320448445358917464098653
59066822915424320448445358917464117504
59066822915424320448445358917464119389
59066822915424320448445358917464345600
59066822915424320448445358917464368221
59066822915424320448445358917467082752
59066822915424320448445358917467354205
59066822915424320448445358917499928576
59066822915424320448445358917503186013
59066822915424320448445358917894078464
59066822915424320448445358917933167709
59066822915424320448445358922623877120
59066822915424320448445358923092948061
59066822915424320448445358979381460992
59066822915424320448445358985010312285
59066822915424320448445359660472467456
59066822915424320448445359728018682973
59066822915424320448445367833564545024
59066822915424320448445368644119131229
59066822915424320448445465910669475840
59066822915424320448445475637324510301
59066822915424320448446642835928645632
59066822915424320448446759555789059165
59066822915424320448460765939038683136
59066822915424320448462166577363645533
59066822915424320448630243176359133184
59066822915424320448647050836258681949
59066822915424320450663970024204533760
59066822915424320450865661942999118941
59066822915424320475068692198349340672
59066822915424320477488995223884362845
59066822915424320767925358288087023616
59066822915424320796968994594507289693
59066822915424324282205351364939218944
59066822915424324630728987041982411869
59066822915424366453565268287165562880
59066822915424370635848896411683877981
59066822915424872509884271353881690112
59066822915424922697287808848101471325
59066822915430945185712308154475216896
59066822915431547434554758085112591453
59066822915503817295648749761597538304
59066822915511044281758148929246032989
59066822916378282614886049047065395200
59066822916465006448198839058847331421
59066822926871866445733640472679677952
59066822927912552445487120614062912605
59066823052794872415904737580051070976
59066823065283104412946499276649886813
59066824563870944057957902868507787264
59066824713729728022459043227693577309
59066842696783803762595886329988382720
59066844495089211336609570640217863261
59067060291738120218251687867755528192
59067081871403011106415899590509294685
59069671431189917686121306320961273856
59069930387168608344091846994006471773
59101005104611487300556727759430221824
59104112576355775196203215835972596829
59477009185670322673781785021057597440
59514298846601777421539641939566097501
64436534089553804125576755182688105565
