144
145
20736
20880
2985984
2986128
3006720
429981696
429981840
430002432
432967680
61917364224
61917364368
61917384960
61920350208
62347345920
8916100448256
8916100448400
8916100468992
8916103434240
8916530429952
8978017812480
1283918464548864
1283918464549008
1283918464569600
1283918467534848
1283918894530560
1283980381913088
1292834564997120
184884258895036416
184884258895036560
184884258895057152
184884258898022400
184884259325018112
184884320812400640
184893174995484672
186168177359585280
26623333280885243904
26623333280885244048
26623333280885264640
26623333280888229888
26623333281315225600
26623333342802608128
26623342196985692160
26624617199349792768
26808217539780280320
3833759992447475122176
3833759992447475122320
3833759992447475142912
3833759992447478108160
3833759992447905103872
3833759992509392486400
3833760001363575570432
3833761276365939671040
3833944876706370158592
3860383325728360366080
552061438912436417593344
552061438912436417593488
552061438912436417614080
552061438912436420579328
552061438912436847575040
552061438912498334957568
552061438921352518041600
552061440196354882142208
552061623796695312629760
552088062245717302837248
555895198904883892715520
79496847203390844133441536
79496847203390844133441680
79496847203390844133462272
79496847203390844136427520
79496847203390844563423232
79496847203390906050805760
79496847203399760233889792
79496847204674762597990400
79496847388275103028477952
79496873826724125018685440
79500680963383291608563712
80048908642303280551034880
11447545997288281555215581184
11447545997288281555215581328
11447545997288281555215601920
11447545997288281555218567168
11447545997288281555645562880
11447545997288281617132945408
11447545997288290471316029440
11447545997289565473680130048
11447545997473165814110617600
11447546023911614836100825088
11447549831048274002690703360
11448098058727193991633174528
11527042844491672399349022720
1648446623609512543951043690496
1648446623609512543951043690640
1648446623609512543951043711232
1648446623609512543951046676480
1648446623609512543951473672192
1648446623609512544012961054720
1648446623609512552867144138752
1648446623609513827869508239360
1648446623609697428209938726912
1648446623636135877231928934400
1648446627443272536398518812672
1648447175670951456387461283840
1648526120456715934795177132032
1659894169606800825506259271680
237376313799769806328950291431424
237376313799769806328950291431568
237376313799769806328950291452160
237376313799769806328950294417408
237376313799769806328950721413120
237376313799769806329012208795648
237376313799769806337866391879680
237376313799769807612868755980288
237376313799769991213209186467840
237376313799796429662231176675328
237376313803603566321397766553600
237376314351831245241386709024768
237376393296617009719794424872960
237387761345767094610505507012608
239024760423379318872901335121920
34182189187166852111368841966125056
34182189187166852111368841966125200
34182189187166852111368841966145792
34182189187166852111368841969111040
34182189187166852111368842396106752
34182189187166852111368903883489280
34182189187166852111377758066573312
34182189187166852112652760430673920
34182189187166852296253100861161472
34182189187166878734702122851368960
34182189187170685871361289441247232
34182189187718913550281278383718400
34182189266663699314759686099566592
34182200634712849399650397181706240
34183837633790461623912793009815552
34419565500966621917697792257556480
4922235242952026704037113243122008064
4922235242952026704037113243122008208
4922235242952026704037113243122028800
4922235242952026704037113243124994048
4922235242952026704037113243551989760
4922235242952026704037113305039372288
4922235242952026704037122159222456320
4922235242952026704038397161586556928
4922235242952026704221997502017044480
4922235242952026730660446524007251968
4922235242952030537797105690597130240
4922235242952578765476025679539601408
4922235243031523551240504087255449600
4922235254399572701325394798337589248
4922236891398650313549657194165698560
4922472619265826473843442193413439488
4956417432139193556148482085088133120
