531441
282429536481
282430067922
150094635296999121
150094635297530562
150094917726535602
79766443076872509863361
79766443076872510394802
79766443077154939399842
79766593171507806862482
42391158275216203514294433201
42391158275216203514294964642
42391158275216203796723969682
42391158275366298149591432322
42391238041659280386804296562
22528399544939174411840147874772641
22528399544939174411840147875304082
22528399544939174411840430304309122
22528399544939174561934783171771762
22528399545018940854917020384636002
22528441936097449628043662169205842
