729
757
19683
19710
19711
20440
531441
531468
531469
532170
532198
551881
14348907
14348934
14348935
14349636
14349664
14368590
14369347
14900788
387420489
387420516
387420517
387421218
387421246
387440172
387440929
387951930
387972370
402321277
10460353203
10460353230
10460353231
10460353932
10460353960
10460372886
10460373643
10460884644
10460905084
10474702110
10475253991
10862674480
282429536481
282429536508
282429536509
282429537210
282429537238
282429556164
282429556921
282430067922
282430088362
282443885388
282444437269
282816956970
282831857758
293292210961
7625597484987
7625597485014
7625597485015
7625597485716
7625597485744
7625597504670
7625597505427
7625598016428
7625598036868
7625611833894
7625612385775
7625984905476
7625999806264
7636057838190
7636460159467
7918889695948
205891132094649
205891132094676
205891132094677
205891132095378
205891132095406
205891132114332
205891132115089
205891132626090
205891132646530
205891146443556
205891146995437
205891519515138
205891534415926
205901592447852
205901994769129
206173561631130
206184424305610
213810021790597
5559060566555523
5559060566555550
5559060566555551
5559060566556252
5559060566556280
5559060566575206
5559060566575963
5559060567086964
5559060567107404
5559060580904430
5559060581456311
5559060953976012
5559060968876800
5559071026908726
5559071429230003
5559342996092004
5559353858766484
5566686164040510
5566979456251471
5772870588346120
150094635296999121
150094635296999148
150094635296999149
150094635296999850
150094635296999878
150094635297018804
150094635297019561
150094635297530562
150094635297551002
150094635311348028
150094635311899909
150094635684419610
150094635699320398
150094645757352324
150094646159673601
150094917726535602
150094928589210082
150102260894484108
150102554186695069
150300526429093770
150308445318789718
155867505885345241
4052555153018976267
4052555153018976294
4052555153018976295
4052555153018976996
4052555153018977024
4052555153018995950
4052555153018996707
4052555153019507708
4052555153019528148
4052555153033325174
4052555153033877055
4052555153406396756
4052555153421297544
4052555163479329470
4052555163881650747
4052555435448512748
4052555446311187228
4052562778616461254
4052563071908672215
4052761044151070916
4052768963040766864
4058114213585531790
4058328023607322387
4208422658904321508
109418989131512359209
109418989131512359236
109418989131512359237
109418989131512359938
109418989131512359966
109418989131512378892
109418989131512379649
109418989131512890650
109418989131512911090
109418989131526708116
109418989131527259997
109418989131899779698
109418989131914680486
109418989141972712412
109418989142375033689
109418989413941895690
109418989424804570170
109418996757109844196
109418997050402055157
109419195022644453858
109419202941534149806
109424548192078914732
109424762002100705329
109569083766809358330
109574856637397704450
113627411790416680717
2954312706550833698643
2954312706550833698670
2954312706550833698671
2954312706550833699372
2954312706550833699400
2954312706550833718326
2954312706550833719083
2954312706550834230084
2954312706550834250524
2954312706550848047550
2954312706550848599431
2954312706551221119132
2954312706551236019920
2954312706561294051846
2954312706561696373123
2954312706833263235124
2954312706844125909604
2954312714176431183630
2954312714469723394591
2954312912441965793292
2954312920360855489240
2954318265611400254166
2954318479421422044763
2954462801186130697764
2954468574056719043884
2958365261703852674910
2958521129209738020151
3067940118341250379360
79766443076872509863361
79766443076872509863388
79766443076872509863389
79766443076872509864090
79766443076872509864118
79766443076872509883044
79766443076872509883801
79766443076872510394802
79766443076872510415242
79766443076872524212268
79766443076872524764149
79766443076872897283850
79766443076872912184638
79766443076882970216564
79766443076883372537841
79766443077154939399842
79766443077165802074322
79766443084498107348348
79766443084791399559309
79766443282763641958010
79766443290682531653958
79766448635933076418884
79766448849743098209481
79766593171507806862482
79766598944378395208602
79770495632025528839628
79770651499531414184869
79875862066004022222570
79880070488662926544078
82834383195213760242721
2153693963075557766310747
2153693963075557766310774
2153693963075557766310775
2153693963075557766311476
2153693963075557766311504
2153693963075557766330430
2153693963075557766331187
2153693963075557766842188
2153693963075557766862628
2153693963075557780659654
2153693963075557781211535
2153693963075558153731236
2153693963075558168632024
2153693963075568226663950
2153693963075568628985227
2153693963075840195847228
2153693963075851058521708
2153693963083183363795734
2153693963083476656006695
2153693963281448898405396
2153693963289367788101344
2153693968634618332866270
2153693968848428354656867
2153694113170193063309868
2153694118943063651655988
2153698015630710785287014
2153698171498216670632255
2153803382064689278669956
2153807590487348182991464
2156648275782108600009390
2156761903193899016690107
2236528346270771526553468
58149737003040059690390169
58149737003040059690390196
58149737003040059690390197
58149737003040059690390898
58149737003040059690390926
58149737003040059690409852
58149737003040059690410609
58149737003040059690921610
58149737003040059690942050
58149737003040059704739076
58149737003040059705290957
58149737003040060077810658
58149737003040060092711446
58149737003040070150743372
58149737003040070553064649
58149737003040342119926650
58149737003040352982601130
58149737003047685287875156
58149737003047978580086117
58149737003245950822484818
58149737003253869712180766
58149737008599120256945692
58149737008812930278736289
58149737153134694987389290
58149737158907565575735410
58149741055595212709366436
58149741211462718594711677
58149846422029191202749378
58149850630451850107070886
58152691315746610524088812
58152804943158400940769529
58229503446116932200253530
58232571386235273450632890
60386265349310831216943637
1570042899082081611640534563
1570042899082081611640534590
1570042899082081611640534591
1570042899082081611640535292
1570042899082081611640535320
1570042899082081611640554246
1570042899082081611640555003
1570042899082081611641066004
1570042899082081611641086444
1570042899082081611654883470
1570042899082081611655435351
1570042899082081612027955052
1570042899082081612042855840
1570042899082081622100887766
1570042899082081622503209043
1570042899082081894070071044
1570042899082081904932745524
1570042899082089237238019550
1570042899082089530530230511
1570042899082287502772629212
1570042899082295421662325160
1570042899087640672207090086
1570042899087854482228880683
1570042899232176246937533684
1570042899237949117525879804
1570042903134636764659510830
1570042903290504270544856071
1570043008501070743152893772
1570043012709493402057215280
1570045853394788162474233206
1570045967022199952890913923
1570122665525158484150397924
1570125733465276825400777284
1572196593045157169406845310
1572279427428352383167088031
1630429164431392442857478200
42391158275216203514294433201
42391158275216203514294433228
42391158275216203514294433229
42391158275216203514294433930
42391158275216203514294433958
42391158275216203514294452884
42391158275216203514294453641
42391158275216203514294964642
42391158275216203514294985082
42391158275216203514308782108
42391158275216203514309333989
42391158275216203514681853690
42391158275216203514696754478
42391158275216203524754786404
42391158275216203525157107681
42391158275216203796723969682
42391158275216203807586644162
42391158275216211139891918188
42391158275216211433184129149
42391158275216409405426527850
42391158275216417324316223798
42391158275221762574860988724
42391158275221976384882779321
42391158275366298149591432322
42391158275372071020179778442
42391158279268758667313409468
42391158279424626173198754709
42391158384635192645806792410
42391158388843615304711113918
42391161229528910065128131844
42391161343156321855544812561
42391238041659280386804296562
42391241109599398728054675922
42393311969179279072060743948
42393394803562474285820986669
42449308012219243573984823370
42451544540565514345511376838
44021587439647595957151911401
1144561273430837494885949696427
1144561273430837494885949696454
1144561273430837494885949696455
1144561273430837494885949697156
1144561273430837494885949697184
1144561273430837494885949716110
1144561273430837494885949716867
1144561273430837494885950227868
1144561273430837494885950248308
1144561273430837494885964045334
1144561273430837494885964597215
1144561273430837494886337116916
1144561273430837494886352017704
1144561273430837494896410049630
1144561273430837494896812370907
1144561273430837495168379232908
1144561273430837495179241907388
1144561273430837502511547181414
1144561273430837502804839392375
1144561273430837700777081791076
1144561273430837708695971487024
1144561273430843053946516251950
1144561273430843267756538042547
1144561273430987589521246695548
1144561273430993362391835041668
1144561273434890050038968672694
1144561273435045917544854017935
1144561273540256484017462055636
1144561273544464906676366377144
1144561276385150201436783395070
1144561276498777613227200075787
1144561353197280571758459559788
1144561356265220690099709939148
1144563427124800570443716007174
1144563509959183765657476249895
1144619423167840534945640086596
1144621659696186805717166640064
1146131316329919576497590230990
1146191702595268887328807174627
1188582860870485090843101607828
30903154382632612361920641803529
30903154382632612361920641803556
30903154382632612361920641803557
30903154382632612361920641804258
30903154382632612361920641804286
30903154382632612361920641823212
30903154382632612361920641823969
30903154382632612361920642334970
30903154382632612361920642355410
30903154382632612361920656152436
30903154382632612361920656704317
30903154382632612361921029224018
30903154382632612361921044124806
30903154382632612361931102156732
30903154382632612361931504478009
30903154382632612362203071340010
30903154382632612362213934014490
30903154382632612369546239288516
30903154382632612369839531499477
30903154382632612567811773898178
30903154382632612575730663594126
30903154382632617920981208359052
30903154382632618134791230149649
30903154382632762456555938802650
30903154382632768229426527148770
30903154382636664917073660779796
30903154382636820784579546125037
30903154382742031351052154162738
30903154382746239773711058484246
30903154385586925068471475502172
30903154385700552480261892182889
30903154462399055438793151666890
30903154465466995557134402046250
30903156536326575437478408114276
30903156619160958632692168356997
30903212532369615401980332193698
30903214768897961672751858747166
30904724425531694443532282338092
30904784811797043754363499281729
30945545540907828565434936236730
30947175970072259957877793714930
32091737243503097452763743411357
834385168331080533771857328695283
834385168331080533771857328695310
834385168331080533771857328695311
834385168331080533771857328696012
834385168331080533771857328696040
834385168331080533771857328714966
834385168331080533771857328715723
834385168331080533771857329226724
834385168331080533771857329247164
834385168331080533771857343044190
834385168331080533771857343596071
834385168331080533771857716115772
834385168331080533771857731016560
834385168331080533771867789048486
834385168331080533771868191369763
834385168331080533772139758231764
834385168331080533772150620906244
834385168331080533779482926180270
834385168331080533779776218391231
834385168331080533977748460789932
834385168331080533985667350485880
834385168331080539330917895250806
834385168331080539544727917041403
834385168331080683866492625694404
834385168331080689639363214040524
834385168331084586327010347671550
834385168331084742194516233016791
834385168331189952760988841054492
834385168331194161183647745376000
834385168334034846478408162393926
834385168334148473890198579074643
834385168410846976848729838558644
834385168413914916967071088938004
834385170484774496847415095006030
834385170567608880042628855248751
834385226480817536811917019085452
834385228717345883082688545638920
834386738373979615853468969229846
834386798760244965164300186173483
834427559489355749975371623128484
834429189918520181367814480606684
835529729604511371266743278391710
835573751191951018862700430303111
866476905574583631224621072106640
22528399544939174411840147874772641
22528399544939174411840147874772668
22528399544939174411840147874772669
22528399544939174411840147874773370
22528399544939174411840147874773398
22528399544939174411840147874792324
22528399544939174411840147874793081
22528399544939174411840147875304082
22528399544939174411840147875324522
22528399544939174411840147889121548
22528399544939174411840147889673429
22528399544939174411840148262193130
22528399544939174411840148277093918
22528399544939174411840158335125844
22528399544939174411840158737447121
22528399544939174411840430304309122
22528399544939174411840441166983602
22528399544939174411847773472257628
22528399544939174411848066764468589
22528399544939174412046039006867290
22528399544939174412053957896563238
22528399544939174417399208441328164
22528399544939174417613018463118761
22528399544939174561934783171771762
22528399544939174567707653760117882
22528399544939178464395300893748908
22528399544939178620262806779094149
22528399544939283830829279387131850
22528399544939288039251938291453358
22528399544942128724546698708471284
22528399544942242351958489125152001
22528399545018940854917020384636002
22528399545022008795035361635015362
22528399547092868374915705641083388
22528399547175702758110919401326109
22528399603088911414880207565162810
22528399605325439761150979091716278
22528401114982073493921759515307204
22528401175368338843232590732250841
22528441936097449628043662169205842
22528443566526614059436105026684042
22529544106212605249335033824469068
22529588127800044896930990976380469
22559302699321807024202068516576170
22560491282182677509292911618183998
23394876450513758043064768946879281
608266787713357709119683992618861307
608266787713357709119683992618861334
608266787713357709119683992618861335
608266787713357709119683992618862036
608266787713357709119683992618862064
608266787713357709119683992618880990
608266787713357709119683992618881747
608266787713357709119683992619392748
608266787713357709119683992619413188
608266787713357709119683992633210214
608266787713357709119683992633762095
608266787713357709119683993006281796
608266787713357709119683993021182584
608266787713357709119684003079214510
608266787713357709119684003481535787
608266787713357709119684275048397788
608266787713357709119684285911072268
608266787713357709119691618216346294
608266787713357709119691911508557255
608266787713357709119889883750955956
608266787713357709119897802640651904
608266787713357709125243053185416830
608266787713357709125456863207207427
608266787713357709269778627915860428
608266787713357709275551498504206548
608266787713357713172239145637837574
608266787713357713328106651523182815
608266787713357818538673124131220516
608266787713357822747095783035542024
608266787713360663432390543452559950
608266787713360777059802333869240667
608266787713437475562760865128724668
608266787713440543502879206379104028
608266787715511403082759550385172054
608266787715594237465954764145414775
608266787771507446122724052309251476
608266787773743974468994823835804944
608266789283400608201765604259395870
608266789343786873551076435476339507
608266830104515984335887506913294508
608266831734945148767279949770772708
608267932274631139957178878568557734
608267976296218579604774835720469135
608297690867740341732045913260664836
608298879450601212217136756362272664
609101172881688789653455849947556590
609133264618932292750908613690967947
631661664163871467162748761565740588
16423203268260658146231467800709255289
16423203268260658146231467800709255316
16423203268260658146231467800709255317
16423203268260658146231467800709256018
16423203268260658146231467800709256046
16423203268260658146231467800709274972
16423203268260658146231467800709275729
16423203268260658146231467800709786730
16423203268260658146231467800709807170
16423203268260658146231467800723604196
16423203268260658146231467800724156077
16423203268260658146231467801096675778
16423203268260658146231467801111576566
16423203268260658146231467811169608492
16423203268260658146231467811571929769
16423203268260658146231468083138791770
16423203268260658146231468094001466250
16423203268260658146231475426306740276
16423203268260658146231475719598951237
16423203268260658146231673691841349938
16423203268260658146231681610731045886
16423203268260658146237026861275810812
16423203268260658146237240671297601409
16423203268260658146381562436006254410
16423203268260658146387335306594600530
16423203268260658150284022953728231556
16423203268260658150439890459613576797
16423203268260658255650456932221614498
16423203268260658259858879591125936006
16423203268260661100544174351542953932
16423203268260661214171586141959634649
16423203268260737912674544673219118650
16423203268260740980614663014469498010
16423203268262811840194543358475566036
16423203268262894674577738572235808757
16423203268318807883234507860399645458
16423203268321044411580778631926198926
16423203269830701045313549412349789852
16423203269891087310662860243566733489
16423203310651816421447671315003688490
16423203312282245585879063757861166690
16423204412821931577068962686658951716
16423204456843519016716558643810863117
16423234171415040778843829721351058818
16423235359997901649328920564452666646
16424037653428989226765239658037950572
16424069745166232729862692421781361929
16445731667805597320643307948584027930
16446598144711171904274532569656134570
17054864932424529613394216562274995877
443426488243037769948249630619149892803
443426488243037769948249630619149892830
443426488243037769948249630619149892831
443426488243037769948249630619149893532
443426488243037769948249630619149893560
443426488243037769948249630619149912486
443426488243037769948249630619149913243
443426488243037769948249630619150424244
443426488243037769948249630619150444684
443426488243037769948249630619164241710
443426488243037769948249630619164793591
443426488243037769948249630619537313292
443426488243037769948249630619552214080
443426488243037769948249630629610246006
443426488243037769948249630630012567283
443426488243037769948249630901579429284
443426488243037769948249630912442103764
443426488243037769948249638244747377790
443426488243037769948249638538039588751
443426488243037769948249836510281987452
443426488243037769948249844429171683400
443426488243037769948255189679716448326
443426488243037769948255403489738238923
443426488243037769948399725254446891924
443426488243037769948405498125035238044
443426488243037769952302185772168869070
443426488243037769952458053278054214311
443426488243037770057668619750662252012
443426488243037770061877042409566573520
443426488243037772902562337169983591446
443426488243037773016189748960400272163
443426488243037849714692707491659756164
443426488243037852782632825832910135524
443426488243039923642212706176916203550
443426488243040006476595901390676446271
443426488243095919685252670678840282972
443426488243098156213598941450366836440
443426488244607812847331712230790427366
443426488244668199112681023062007371003
443426488285428928223465834133444326004
443426488287059357387897226576301804204
443426489387599043379087125505099589230
443426489431620630818734721462251500631
443426519146192152580861992539791696332
443426520334775013451347083382893304160
443427322628206101028783402476478588086
443427354719943344531880855240221999443
443449016642582709122661470767024665444
443449883119488283706292695388096772084
444034755030751127657369314611768754110
444058149907201641415412379380715633391
460481353175462299561643847181424888680
