27
729
756
19683
19710
20412
531441
531468
532170
551124
14348907
14348934
14349636
14368590
14880348
387420489
387420516
387421218
387440172
387951930
401769396
10460353203
10460353230
10460353932
10460372886
10460884644
10474702110
10847773692
282429536481
282429536508
282429537210
282429556164
282430067922
282443885388
282816956970
292889889684
7625597484987
7625597485014
7625597485716
7625597504670
7625598016428
7625611833894
7625984905476
7636057838190
7908027021468
205891132094649
205891132094676
205891132095378
205891132114332
205891132626090
205891146443556
205891519515138
205901592447852
206173561631130
213516729579636
5559060566555523
5559060566555550
5559060566556252
5559060566575206
5559060567086964
5559060580904430
5559060953976012
5559071026908726
5559342996092004
5566686164040510
5764951698650172
150094635296999121
150094635296999148
150094635296999850
150094635297018804
150094635297530562
150094635311348028
150094635684419610
150094645757352324
150094917726535602
150102260894484108
150300526429093770
155653695863554644
4052555153018976267
4052555153018976294
4052555153018976996
4052555153018995950
4052555153019507708
4052555153033325174
4052555153406396756
4052555163479329470
4052555435448512748
4052562778616461254
4052761044151070916
4058114213585531790
4202649788315975388
109418989131512359209
109418989131512359236
109418989131512359938
109418989131512378892
109418989131512890650
109418989131526708116
109418989131899779698
109418989141972712412
109418989413941895690
109418996757109844196
109419195022644453858
109424548192078914732
109569083766809358330
113471544284531335476
2954312706550833698643
2954312706550833698670
2954312706550833699372
2954312706550833718326
2954312706550834230084
2954312706550848047550
2954312706551221119132
2954312706561294051846
2954312706833263235124
2954312714176431183630
2954312912441965793292
2954318265611400254166
2954462801186130697764
2958365261703852674910
3063731695682346057852
79766443076872509863361
79766443076872509863388
79766443076872509864090
79766443076872509883044
79766443076872510394802
79766443076872524212268
79766443076872897283850
79766443076882970216564
79766443077154939399842
79766443084498107348348
79766443282763641958010
79766448635933076418884
79766593171507806862482
79770495632025528839628
79875862066004022222570
82720755783423343562004
2153693963075557766310747
2153693963075557766310774
2153693963075557766311476
2153693963075557766330430
2153693963075557766842188
2153693963075557780659654
2153693963075558153731236
2153693963075568226663950
2153693963075840195847228
2153693963083183363795734
2153693963281448898405396
2153693968634618332866270
2153694113170193063309868
2153698015630710785287014
2153803382064689278669956
2156648275782108600009390
2233460406152430276174108
58149737003040059690390169
58149737003040059690390196
58149737003040059690390898
58149737003040059690409852
58149737003040059690921610
58149737003040059704739076
58149737003040060077810658
58149737003040070150743372
58149737003040342119926650
58149737003047685287875156
58149737003245950822484818
58149737008599120256945692
58149737153134694987389290
58149741055595212709366436
58149846422029191202749378
58152691315746610524088812
58229503446116932200253530
60303430966115617456700916
1570042899082081611640534563
1570042899082081611640534590
1570042899082081611640535292
1570042899082081611640554246
1570042899082081611641066004
1570042899082081611654883470
1570042899082081612027955052
1570042899082081622100887766
1570042899082081894070071044
1570042899082089237238019550
1570042899082287502772629212
1570042899087640672207090086
1570042899232176246937533684
1570042903134636764659510830
1570043008501070743152893772
1570045853394788162474233206
1570122665525158484150397924
1572196593045157169406845310
1628192636085121671330924732
42391158275216203514294433201
42391158275216203514294433228
42391158275216203514294433930
42391158275216203514294452884
42391158275216203514294964642
42391158275216203514308782108
42391158275216203514681853690
42391158275216203524754786404
42391158275216203796723969682
42391158275216211139891918188
42391158275216409405426527850
42391158275221762574860988724
42391158275366298149591432322
42391158279268758667313409468
42391158384635192645806792410
42391161229528910065128131844
42391238041659280386804296562
42393311969179279072060743948
42449308012219243573984823370
43961201174298285125934967764
1144561273430837494885949696427
1144561273430837494885949696454
1144561273430837494885949697156
1144561273430837494885949716110
1144561273430837494885950227868
1144561273430837494885964045334
1144561273430837494886337116916
1144561273430837494896410049630
1144561273430837495168379232908
1144561273430837502511547181414
1144561273430837700777081791076
1144561273430843053946516251950
1144561273430987589521246695548
1144561273434890050038968672694
1144561273540256484017462055636
1144561276385150201436783395070
1144561353197280571758459559788
1144563427124800570443716007174
1144619423167840534945640086596
1146131316329919576497590230990
1186952431706053698400244129628
30903154382632612361920641803529
30903154382632612361920641803556
30903154382632612361920641804258
30903154382632612361920641823212
30903154382632612361920642334970
30903154382632612361920656152436
30903154382632612361921029224018
30903154382632612361931102156732
30903154382632612362203071340010
30903154382632612369546239288516
30903154382632612567811773898178
30903154382632617920981208359052
30903154382632762456555938802650
30903154382636664917073660779796
30903154382742031351052154162738
30903154385586925068471475502172
30903154462399055438793151666890
30903156536326575437478408114276
30903212532369615401980332193698
30904724425531694443532282338092
30945545540907828565434936236730
32047715656063449856806591499956
834385168331080533771857328695283
834385168331080533771857328695310
834385168331080533771857328696012
834385168331080533771857328714966
834385168331080533771857329226724
834385168331080533771857343044190
834385168331080533771857716115772
834385168331080533771867789048486
834385168331080533772139758231764
834385168331080533779482926180270
834385168331080533977748460789932
834385168331080539330917895250806
834385168331080683866492625694404
834385168331084586327010347671550
834385168331189952760988841054492
834385168334034846478408162393926
834385168410846976848729838558644
834385170484774496847415095006030
834385226480817536811917019085452
834386738373979615853468969229846
834427559489355749975371623128484
835529729604511371266743278391710
865288322713713146133777970498812
22528399544939174411840147874772641
22528399544939174411840147874772668
22528399544939174411840147874773370
22528399544939174411840147874792324
22528399544939174411840147875304082
22528399544939174411840147889121548
22528399544939174411840148262193130
22528399544939174411840158335125844
22528399544939174411840430304309122
22528399544939174411847773472257628
22528399544939174412046039006867290
22528399544939174417399208441328164
22528399544939174561934783171771762
22528399544939178464395300893748908
22528399544939283830829279387131850
22528399544942128724546698708471284
22528399545018940854917020384636002
22528399547092868374915705641083388
22528399603088911414880207565162810
22528401114982073493921759515307204
22528441936097449628043662169205842
22529544106212605249335033824469068
22559302699321807024202068516576170
23362784713270254945612005203467924
608266787713357709119683992618861307
608266787713357709119683992618861334
608266787713357709119683992618862036
608266787713357709119683992618880990
608266787713357709119683992619392748
608266787713357709119683992633210214
608266787713357709119683993006281796
608266787713357709119684003079214510
608266787713357709119684275048397788
608266787713357709119691618216346294
608266787713357709119889883750955956
608266787713357709125243053185416830
608266787713357709269778627915860428
608266787713357713172239145637837574
608266787713357818538673124131220516
608266787713360663432390543452559950
608266787713437475562760865128724668
608266787715511403082759550385172054
608266787771507446122724052309251476
608266789283400608201765604259395870
608266830104515984335887506913294508
608267932274631139957178878568557734
608297690867740341732045913260664836
609101172881688789653455849947556590
630795187258296883531524140493633948
16423203268260658146231467800709255289
16423203268260658146231467800709255316
16423203268260658146231467800709256018
16423203268260658146231467800709274972
16423203268260658146231467800709786730
16423203268260658146231467800723604196
16423203268260658146231467801096675778
16423203268260658146231467811169608492
16423203268260658146231468083138791770
16423203268260658146231475426306740276
16423203268260658146231673691841349938
16423203268260658146237026861275810812
16423203268260658146381562436006254410
16423203268260658150284022953728231556
16423203268260658255650456932221614498
16423203268260661100544174351542953932
16423203268260737912674544673219118650
16423203268262811840194543358475566036
16423203268318807883234507860399645458
16423203269830701045313549412349789852
16423203310651816421447671315003688490
16423204412821931577068962686658951716
16423234171415040778843829721351058818
16424037653428989226765239658037950572
16445731667805597320643307948584027930
17031470055974015855351151793328116596
443426488243037769948249630619149892803
443426488243037769948249630619149892830
443426488243037769948249630619149893532
443426488243037769948249630619149912486
443426488243037769948249630619150424244
443426488243037769948249630619164241710
443426488243037769948249630619537313292
443426488243037769948249630629610246006
443426488243037769948249630901579429284
443426488243037769948249638244747377790
443426488243037769948249836510281987452
443426488243037769948255189679716448326
443426488243037769948399725254446891924
443426488243037769952302185772168869070
443426488243037770057668619750662252012
443426488243037772902562337169983591446
443426488243037849714692707491659756164
443426488243039923642212706176916203550
443426488243095919685252670678840282972
443426488244607812847331712230790427366
443426488285428928223465834133444326004
443426489387599043379087125505099589230
443426519146192152580861992539791696332
443427322628206101028783402476478588086
443449016642582709122661470767024665444
444034755030751127657369314611768754110
459849691511298428094481098419859148092
