529
553
12167
12190
12191
12720
279841
279864
279865
280370
280394
292561
6436343
6436366
6436367
6436872
6436896
6448510
6449063
6728904
148035889
148035912
148035913
148036418
148036442
148048056
148048609
148315730
148328450
154764793
3404825447
3404825470
3404825471
3404825976
3404826000
3404837614
3404838167
3405105288
3405118008
3411261790
3411554351
3559590240
78310985281
78310985304
78310985305
78310985810
78310985834
78310997448
78310998001
78311265122
78311277842
78317421624
78317714185
78459021170
78465750074
81870575521
1801152661463
1801152661486
1801152661487
1801152661992
1801152662016
1801152673630
1801152674183
1801152941304
1801152954024
1801159097806
1801159390367
1801300697352
1801307426256
1804557486910
1804712251703
1883023236984
41426511213649
41426511213672
41426511213673
41426511214178
41426511214202
41426511225816
41426511226369
41426511493490
41426511506210
41426517649992
41426517942553
41426659249538
41426665978442
41429916039096
41430070803889
41504822198930
41508381789170
43309534450633
952809757913927
952809757913950
952809757913951
952809757914456
952809757914480
952809757926094
952809757926647
952809758193768
952809758206488
952809764350270
952809764642831
952809905949816
952809912678720
952813162739374
952813317504167
952888068899208
952891628489448
954610910575390
954692781150911
996119292364560
21914624432020321
21914624432020344
21914624432020345
21914624432020850
21914624432020874
21914624432032488
21914624432033041
21914624432300162
21914624432312882
21914624438456664
21914624438749225
21914624580056210
21914624586785114
21914627836845768
21914627991610561
21914702743005602
21914706302595842
21916425584681784
21916507455257305
21956050943233970
21957933966470954
22910743724384881
504036361936467383
504036361936467406
504036361936467407
504036361936467912
504036361936467936
504036361936479550
504036361936480103
504036361936747224
504036361936759944
504036361942903726
504036361943196287
504036362084503272
504036362091232176
504036365341292830
504036365496057623
504036440247452664
504036443807042904
504038163089128846
504038244959704367
504077788447681032
504079671470918016
504989171694381310
505032481228831943
526947105660852264
11592836324538749809
11592836324538749832
11592836324538749833
11592836324538750338
11592836324538750362
11592836324538761976
11592836324538762529
11592836324539029650
11592836324539042370
11592836324545186152
11592836324545478713
11592836324686785698
11592836324693514602
11592836327943575256
11592836328098340049
11592836402849735090
11592836406409325330
11592838125691411272
11592838207561986793
11592877751049963458
11592879634073200442
11593789134296663736
11593832443831114369
11614750948970770130
11615747068263134690
12119783430199602073
266635235464391245607
266635235464391245630
266635235464391245631
266635235464391246136
266635235464391246160
266635235464391257774
266635235464391258327
266635235464391525448
266635235464391538168
266635235464397681950
266635235464397974511
266635235464539281496
266635235464546010400
266635235467796071054
266635235467950835847
266635235542702230888
266635235546261821128
266635237265543907070
266635237347414482591
266635276890902459256
266635278773925696240
266636188274149159534
266636231583683610167
266657150088823265928
266658146208115630488
267139271826327712990
267162182570052097871
278755018894590847680
6132610415680998648961
6132610415680998648984
6132610415680998648985
6132610415680998649490
6132610415680998649514
6132610415680998661128
6132610415680998661681
6132610415680998928802
6132610415680998941522
6132610415681005085304
6132610415681005377865
6132610415681146684850
6132610415681153413754
6132610415684403474408
6132610415684558239201
6132610415759309634242
6132610415762869224482
6132610417482151310424
6132610417564021885945
6132610457107509862610
6132610458990533099594
6132611368490756562888
6132611411800291013521
6132632330305430669282
6132633326424723033842
6133114452042935116344
6133137362786659501225
6144203252005537398770
6144730199111198251034
6411365434575589496641
141050039560662968926103
141050039560662968926126
141050039560662968926127
141050039560662968926632
141050039560662968926656
141050039560662968938270
141050039560662968938823
141050039560662969205944
141050039560662969218664
141050039560662975362446
141050039560662975655007
141050039560663116961992
141050039560663123690896
141050039560666373751550
141050039560666528516343
141050039560741279911384
141050039560744839501624
141050039562464121587566
141050039562545992163087
141050039602089480139752
141050039603972503376736
141050040513472726840030
141050040556782261290663
141050061475287400946424
141050062471406693310984
141050543597024905393486
141050566507768629778367
141061632396987507675912
141062159344093168528176
141316674796127360171710
141328794579557559773783
147461404995238558422744
3244150909895248285300369
3244150909895248285300392
3244150909895248285300393
3244150909895248285300898
3244150909895248285300922
3244150909895248285312536
3244150909895248285313089
3244150909895248285580210
3244150909895248285592930
3244150909895248291736712
3244150909895248292029273
3244150909895248433336258
3244150909895248440065162
3244150909895251690125816
3244150909895251844890609
3244150909895326596285650
3244150909895330155875890
3244150909897049437961832
3244150909897131308537353
3244150909936674796514018
3244150909938557819751002
3244150910848058043214296
3244150910891367577664929
3244150931809872717320690
3244150932805992009685250
3244151413931610221767752
3244151436842353946152633
3244162502731572824050178
3244163029678678484902442
3244417545130712676545976
3244429664914142876148049
3250283520310929283949330
3250562275329823874797010
3391612314890486843723113
74615470927590710561908487
74615470927590710561908510
74615470927590710561908511
74615470927590710561909016
74615470927590710561909040
74615470927590710561920654
74615470927590710561921207
74615470927590710562188328
74615470927590710562201048
74615470927590710568344830
74615470927590710568637391
74615470927590710709944376
74615470927590710716673280
74615470927590713966733934
74615470927590714121498727
74615470927590788872893768
74615470927590792432484008
74615470927592511714569950
74615470927592593585145471
74615470927632137073122136
74615470927634020096359120
74615470928543520319822414
74615470928586829854273047
74615470949505334993928808
74615470950501454286293368
74615471431627072498375870
74615471454537816222760751
74615482520427035100658296
74615483047374140761510560
74615737562826174953154094
74615749682609605152756167
74621603538006391560557448
74621882293025286151405128
74756520967151373530834590
74762932332585949120331231
78007083242481197405631600
1716155831334586342923895201
1716155831334586342923895224
1716155831334586342923895225
1716155831334586342923895730
1716155831334586342923895754
1716155831334586342923907368
1716155831334586342923907921
1716155831334586342924175042
1716155831334586342924187762
1716155831334586342930331544
1716155831334586342930624105
1716155831334586343071931090
1716155831334586343078659994
1716155831334586346328720648
1716155831334586346483485441
1716155831334586421234880482
1716155831334586424794470722
1716155831334588144076556664
1716155831334588225947132185
1716155831334627769435108850
1716155831334629652458345834
1716155831335539152681809128
1716155831335582462216259761
1716155831356500967355915522
1716155831357497086648280082
1716155831838622704860362584
1716155831861533448584747465
1716155842927422667462645010
1716155843454369773123497274
1716156097969821807315140808
1716156110089605237514742881
1716161963945002023922544162
1716162242700020918513391842
1716296881374147005892821304
1716303292739581581482317945
1719399982244481591209195570
1719547443649476829767618314
1794162914577067540329526801
39471584120695485887249589623
39471584120695485887249589646
39471584120695485887249589647
39471584120695485887249590152
39471584120695485887249590176
39471584120695485887249601790
39471584120695485887249602343
39471584120695485887249869464
39471584120695485887249882184
39471584120695485887256025966
39471584120695485887256318527
39471584120695485887397625512
39471584120695485887404354416
39471584120695485890654415070
39471584120695485890809179863
39471584120695485965560574904
39471584120695485969120165144
39471584120695487688402251086
39471584120695487770272826607
39471584120695527313760803272
39471584120695529196784040256
39471584120696438697007503550
39471584120696482006541954183
39471584120717400511681609944
39471584120718396630973974504
39471584121199522249186057006
39471584121222432992910441887
39471584132288322211788339432
39471584132815269317449191696
39471584387330721351640835230
39471584399450504781840437303
39471590253305901568248238584
39471590532060920462839086264
39471725170735046550218515726
39471731582100481125808012367
39474828271605381135534889992
39474975733010376374093312736
39546199591623076597811498110
39549591203937967084655221223
41265747035272553427579116424
907846434775996175406740561329
907846434775996175406740561352
907846434775996175406740561353
907846434775996175406740561858
907846434775996175406740561882
907846434775996175406740573496
907846434775996175406740574049
907846434775996175406740841170
907846434775996175406740853890
907846434775996175406746997672
907846434775996175406747290233
907846434775996175406888597218
907846434775996175406895326122
907846434775996175410145386776
907846434775996175410300151569
907846434775996175485051546610
907846434775996175488611136850
907846434775996177207893222792
907846434775996177289763798313
907846434775996216833251774978
907846434775996218716275011962
907846434775997128216498475256
907846434775997171526032925889
907846434776018090031172581650
907846434776019086150464946210
907846434776500211768677028712
907846434776523122512401413593
907846434787589011731279311138
907846434788115958836940163402
907846435042631410871131806936
907846435054751194301331409009
907846440908606591087739210290
907846441187361609982330057970
907846575826035736069709487432
907846582237401170645298984073
907849678926906070655025861698
907849826388311065893584284442
907921050246923766117302469816
907924441859238656604146192929
909562590607330761749664456530
909640597690573242947070088130
949112181811268728834319677753
20880467999847912034355032910567
20880467999847912034355032910590
20880467999847912034355032910591
20880467999847912034355032911096
20880467999847912034355032911120
20880467999847912034355032922734
20880467999847912034355032923287
20880467999847912034355033190408
20880467999847912034355033203128
20880467999847912034355039346910
20880467999847912034355039639471
20880467999847912034355180946456
20880467999847912034355187675360
20880467999847912034358437736014
20880467999847912034358592500807
20880467999847912034433343895848
20880467999847912034436903486088
20880467999847912036156185572030
20880467999847912036238056147551
20880467999847912075781544124216
20880467999847912077664567361200
20880467999847912987164790824494
20880467999847913030474325275127
20880467999847933948979464930888
20880467999847934945098757295448
20880467999848416070716969377950
20880467999848438981460693762831
20880467999859504870679571660376
20880467999860031817785232512640
20880468000114547269819424156174
20880468000126667053249623758247
20880468005980522450036031559528
20880468006259277468930622407208
20880468140897951595018001836670
20880468147309317029593591333311
20880471243998821929603318210936
20880471391460226924841876633680
20880542615318839625065594819054
20880546006931154515552438542167
20882184155679246620697956805768
20882262162762489101895362437368
20919939583968607520242282500190
20921733746883184587782612026991
21829580181659180763189352588320
480250763996501976790165756943041
480250763996501976790165756943064
480250763996501976790165756943065
480250763996501976790165756943570
480250763996501976790165756943594
480250763996501976790165756955208
480250763996501976790165756955761
480250763996501976790165757222882
480250763996501976790165757235602
480250763996501976790165763379384
480250763996501976790165763671945
480250763996501976790165904978930
480250763996501976790165911707834
480250763996501976790169161768488
480250763996501976790169316533281
480250763996501976790244067928322
480250763996501976790247627518562
480250763996501976791966909604504
480250763996501976792048780180025
480250763996501976831592268156690
480250763996501976833475291393674
480250763996501977742975514856968
480250763996501977786285049307601
480250763996501998704790188963362
480250763996501999700909481327922
480250763996502480826527693410424
480250763996502503737271417795305
480250763996513569626490295692850
480250763996514096573595956545114
480250763996768612025630148188648
480250763996780731809060347790721
480250764002634587205846755592002
480250764002913342224741346439682
480250764137552016350828725869144
480250764143963381785404315365785
480250767240652886685414042243410
480250767388114291680652600666154
480250838611972904380876318851528
480250842003585219271363162574641
480252480152333311376508680838242
480252558159416553857706086469842
480290235580622672276053006532664
480292029743537249343593336059465
481158610431277972965572497504370
481199876178313245519000076620794
502080344178161157553355109531361
11045767571919545466173812409689943
11045767571919545466173812409689966
11045767571919545466173812409689967
11045767571919545466173812409690472
11045767571919545466173812409690496
11045767571919545466173812409702110
11045767571919545466173812409702663
11045767571919545466173812409969784
11045767571919545466173812409982504
11045767571919545466173812416126286
11045767571919545466173812416418847
11045767571919545466173812557725832
11045767571919545466173812564454736
11045767571919545466173815814515390
11045767571919545466173815969280183
11045767571919545466173890720675224
11045767571919545466173894280265464
11045767571919545466175613562351406
11045767571919545466175695432926927
11045767571919545466215238920903592
11045767571919545466217121944140576
11045767571919545467126622167603870
11045767571919545467169931702054503
11045767571919545488088436841710264
11045767571919545489084556134074824
11045767571919545970210174346157326
11045767571919545993120918070542207
11045767571919557059010136948439752
11045767571919557585957242609292016
11045767571919812101409276800935550
11045767571919824221192707000537623
11045767571925678076589493408338904
11045767571925956831608387999186584
11045767572060595505734475378616046
11045767572067006871169050968112687
11045767575163696376069060694990312
11045767575311157781064299253413056
11045767646535016393764522971598430
11045767649926628708655009815321543
11045769288075376800760155333585144
11045769366082460043241352739216744
11045807043503666161659699659279566
11045808837666580738727239988806367
11046675418354321462349219150251272
11046716684101356734902646729367696
11066648039919393378208167442600510
11067597152101204646937001762278263
11547847916097706623727167519221304
254052654154149545721997685422868689
254052654154149545721997685422868712
254052654154149545721997685422868713
254052654154149545721997685422869218
254052654154149545721997685422869242
254052654154149545721997685422880856
254052654154149545721997685422881409
254052654154149545721997685423148530
254052654154149545721997685423161250
254052654154149545721997685429305032
254052654154149545721997685429597593
254052654154149545721997685570904578
254052654154149545721997685577633482
254052654154149545721997688827694136
254052654154149545721997688982458929
254052654154149545721997763733853970
254052654154149545721997767293444210
254052654154149545721999486575530152
254052654154149545721999568446105673
254052654154149545722039111934082338
254052654154149545722040994957319322
254052654154149545722950495180782616
254052654154149545722993804715233249
254052654154149545743912309854889010
254052654154149545744908429147253570
254052654154149546226034047359336072
254052654154149546248944791083720953
254052654154149557314834009961618498
254052654154149557841781115622470762
254052654154149812357233149814114296
254052654154149824477016580013716369
254052654154155678332413366421517650
254052654154155957087432261012365330
254052654154290595761558348391794792
254052654154297007126992923981291433
254052654157393696631892933708169058
254052654157541158036888172266591802
254052654228765016649588395984777176
254052654232156628964478882828500289
254052655870305377056584028346763890
254052655948312460299065225752395490
254052693625733666417483572672458312
254052695419896580994551113001985113
254053562000584321718173092163430018
254053603266331356990726519742546442
254073534622149393634032040455779256
254074483734331204902760874775457009
254532904918146047698787851179811730
254554734498327706879551040532400050
265600502070247252345724852942089993
5843211045545439551605946764725979847
5843211045545439551605946764725979870
5843211045545439551605946764725979871
5843211045545439551605946764725980376
5843211045545439551605946764725980400
5843211045545439551605946764725992014
5843211045545439551605946764725992567
5843211045545439551605946764726259688
5843211045545439551605946764726272408
5843211045545439551605946764732416190
5843211045545439551605946764732708751
5843211045545439551605946764874015736
5843211045545439551605946764880744640
5843211045545439551605946768130805294
5843211045545439551605946768285570087
5843211045545439551605946843036965128
5843211045545439551605946846596555368
5843211045545439551605948565878641310
5843211045545439551605948647749216831
5843211045545439551605988191237193496
5843211045545439551605990074260430480
5843211045545439551606899574483893774
5843211045545439551606942884018344407
5843211045545439551627861389158000168
5843211045545439551628857508450364728
5843211045545439552109983126662447230
5843211045545439552132893870386832111
5843211045545439563198783089264729656
5843211045545439563725730194925581920
5843211045545439818241182229117225454
5843211045545439830360965659316827527
5843211045545445684216362445724628808
5843211045545445962971381340315476488
5843211045545580601645507427694905950
5843211045545587013010942003284402591
5843211045548683702515842013011280216
5843211045548831163920837251569702960
5843211045620055022533537475287888334
5843211045623446634848427962131611447
5843211047261595382940533107649875048
5843211047339602466183014305055506648
5843211085017023672301432651975569470
5843211086811186586878500192305096271
5843211953391874327602122171466541176
5843211994657621362874675599045657600
5843231926013439399517981119758890414
5843232875125621210786709954078568167
5843691296309436053582736930482922888
5843713125889617712763500119835511208
5854256813117359097072120577135669790
5854758893461537258229673932245201151
6108811547615686803951671617668069840
134393854047545109686936775588697536481
134393854047545109686936775588697536504
134393854047545109686936775588697536505
134393854047545109686936775588697537010
134393854047545109686936775588697537034
134393854047545109686936775588697548648
134393854047545109686936775588697549201
134393854047545109686936775588697816322
134393854047545109686936775588697829042
134393854047545109686936775588703972824
134393854047545109686936775588704265385
134393854047545109686936775588845572370
134393854047545109686936775588852301274
134393854047545109686936775592102361928
134393854047545109686936775592257126721
134393854047545109686936775667008521762
134393854047545109686936775670568112002
134393854047545109686936777389850197944
134393854047545109686936777471720773465
134393854047545109686936817015208750130
134393854047545109686936818898231987114
134393854047545109686937728398455450408
134393854047545109686937771707989901041
134393854047545109686958690213129556802
134393854047545109686959686332421921362
134393854047545109687440811950634003864
134393854047545109687463722694358388745
134393854047545109698529611913236286290
134393854047545109699056559018897138554
134393854047545109953572011053088782088
134393854047545109965691794483288384161
134393854047545115819547191269696185442
134393854047545116098302210164287033122
134393854047545250736976336251666462584
134393854047545257148341770827255959225
134393854047548353837846670836982836850
134393854047548501299251666075541259594
134393854047619725157864366299259444968
134393854047623116770179256786103168081
134393854049261265518271361931621431682
134393854049339272601513843129027063282
134393854087016693807632261475947126104
134393854088810856722209329016276652905
134393854955391544462932950995438097810
134393854996657291498205504423017214234
134393874928013109534848809943730447048
134393875877125291346117538778050124801
134394334298309106188913565754454479522
134394356127889287848094328943807067842
134404899815117029232402949401107226424
134405401895461207393560502756216757785
134647906701699259232658773274120405170
134659454549615356939282500441639626474
140502665595160796490888447206365606321
