15625
244140625
244156250
3814697265625
3814697281250
3814941406250
59604644775390625
59604644775406250
59604645019531250
59608459472656250
931322574615478515625
931322574615478531250
931322574615722656250
931322578430175781250
931382179260253906250
14551915228366851806640625
14551915228366851806656250
14551915228366852050781250
14551915228370666503906250
14551915287971496582031250
14552846550941467285156250
227373675443232059478759765625
227373675443232059478759781250
227373675443232059479003906250
227373675443232063293457031250
227373675443291664123535156250
227373676374554634094238281250
227388227358460426330566406250
3552713678800500929355621337890625
3552713678800500929355621337906250
3552713678800500929355621582031250
3552713678800500929359436035156250
3552713678800500988960266113281250
3552713678801432251930236816406250
3552713693352416157722473144531250
3552941052475944161415100097656250
55511151231257827021181583404541015625
55511151231257827021181583404541031250
55511151231257827021181583404785156250
55511151231257827021181587219238281250
55511151231257827021241188049316406250
55511151231257827952504158020019531250
55511151231272378936409950256347656250
55511151458631502464413642883300781250
55514703944936627522110939025878906250
