625
651
15625
15650
15651
16276
390625
390650
390651
391250
391276
406901
9765625
9765650
9765651
9766250
9766276
9781250
9781901
10172526
244140625
244140650
244140651
244141250
244141276
244156250
244156901
244531250
244547526
254313151
6103515625
6103515650
6103515651
6103516250
6103516276
6103531250
6103531901
6103906250
6103922526
6113281250
6113688151
6357828776
152587890625
152587890650
152587890651
152587891250
152587891276
152587906250
152587906901
152588281250
152588297526
152597656250
152598063151
152832031250
152842203776
158945719401
3814697265625
3814697265650
3814697265651
3814697266250
3814697266276
3814697281250
3814697281901
3814697656250
3814697672526
3814707031250
3814707438151
3814941406250
3814951578776
3820800781250
3821055094401
3973642985026
95367431640625
95367431640650
95367431640651
95367431641250
95367431641276
95367431656250
95367431656901
95367432031250
95367432047526
95367441406250
95367441813151
95367675781250
95367685953776
95373535156250
95373789469401
95520019531250
95526377360026
99341074625651
2384185791015625
2384185791015650
2384185791015651
2384185791016250
2384185791016276
2384185791031250
2384185791031901
2384185791406250
2384185791422526
2384185800781250
2384185801188151
2384186035156250
2384186045328776
2384191894531250
2384192148844401
2384338378906250
2384344736735026
2388000488281250
2388159434000651
2483526865641276
59604644775390625
59604644775390650
59604644775390651
59604644775391250
59604644775391276
59604644775406250
59604644775406901
59604644775781250
59604644775797526
59604644785156250
59604644785563151
59604645019531250
59604645029703776
59604650878906250
59604651133219401
59604797363281250
59604803721110026
59608459472656250
59608618418375651
59700012207031250
59703985850016276
62088171641031901
1490116119384765625
1490116119384765650
1490116119384765651
1490116119384766250
1490116119384766276
1490116119384781250
1490116119384781901
1490116119385156250
1490116119385172526
1490116119394531250
1490116119394938151
1490116119628906250
1490116119639078776
1490116125488281250
1490116125742594401
1490116271972656250
1490116278330485026
1490119934082031250
1490120093027750651
1490211486816406250
1490215460459391276
1492500305175781250
1492599646250406901
1552204291025797526
37252902984619140625
37252902984619140650
37252902984619140651
37252902984619141250
37252902984619141276
37252902984619156250
37252902984619156901
37252902984619531250
37252902984619547526
37252902984628906250
37252902984629313151
37252902984863281250
37252902984873453776
37252902990722656250
37252902990976969401
37252903137207031250
37252903143564860026
37252906799316406250
37252906958262125651
37252998352050781250
37253002325693766276
37255287170410156250
37255386511484781901
37312507629394531250
37314991156260172526
38805107275644938151
931322574615478515625
931322574615478515650
931322574615478515651
931322574615478516250
931322574615478516276
931322574615478531250
931322574615478531901
931322574615478906250
931322574615478922526
931322574615488281250
931322574615488688151
931322574615722656250
931322574615732828776
931322574621582031250
931322574621836344401
931322574768066406250
931322574774424235026
931322578430175781250
931322578589121500651
931322669982910156250
931322673956553141276
931324958801269531250
931325058142344156901
931382179260253906250
931384662787119547526
932812690734863281250
932874778906504313151
970127681891123453776
23283064365386962890625
23283064365386962890650
23283064365386962890651
23283064365386962891250
23283064365386962891276
23283064365386962906250
23283064365386962906901
23283064365386963281250
23283064365386963297526
23283064365386972656250
23283064365386973063151
23283064365387207031250
23283064365387217203776
23283064365393066406250
23283064365393320719401
23283064365539550781250
23283064365545908610026
23283064369201660156250
23283064369360605875651
23283064460754394531250
23283064464728037516276
23283066749572753906250
23283066848913828531901
23283123970031738281250
23283126453558603922526
23284554481506347656250
23284616569677988688151
23320317268371582031250
23321869472662607828776
24253192047278086344401
582076609134674072265625
582076609134674072265650
582076609134674072265651
582076609134674072266250
582076609134674072266276
582076609134674072281250
582076609134674072281901
582076609134674072656250
582076609134674072672526
582076609134674082031250
582076609134674082438151
582076609134674316406250
582076609134674326578776
582076609134680175781250
582076609134680430094401
582076609134826660156250
582076609134833017985026
582076609138488769531250
582076609138647715250651
582076609230041503906250
582076609234015146891276
582076611518859863281250
582076611618200937906901
582076668739318847656250
582076671222845713297526
582078099250793457031250
582078161338965098063151
582113862037658691406250
582115414241949717203776
583007931709289550781250
583046736816565195719401
606329801181952158610026
14551915228366851806640625
14551915228366851806640650
14551915228366851806640651
14551915228366851806641250
14551915228366851806641276
14551915228366851806656250
14551915228366851806656901
14551915228366851807031250
14551915228366851807047526
14551915228366851816406250
14551915228366851816813151
14551915228366852050781250
14551915228366852060953776
14551915228366857910156250
14551915228366858164469401
14551915228367004394531250
14551915228367010752360026
14551915228370666503906250
14551915228370825449625651
14551915228462219238281250
14551915228466192881266276
14551915230751037597656250
14551915230850378672281901
14551915287971496582031250
14551915290455023447672526
14551916718482971191406250
14551916780571142832438151
14551952481269836425781250
14551954033474127451578776
14552846550941467285156250
14552885356048742930094401
14575198292732238769531250
14576168420414129892985026
15158245029548803965250651
363797880709171295166015625
363797880709171295166015650
363797880709171295166015651
363797880709171295166016250
363797880709171295166016276
363797880709171295166031250
363797880709171295166031901
363797880709171295166406250
363797880709171295166422526
363797880709171295175781250
363797880709171295176188151
363797880709171295410156250
363797880709171295420328776
363797880709171301269531250
363797880709171301523844401
363797880709171447753906250
363797880709171454111735026
363797880709175109863281250
363797880709175268809000651
363797880709266662597656250
363797880709270636240641276
363797880711555480957031250
363797880711654822031656901
363797880768775939941406250
363797880771259466807047526
363797882199287414550781250
363797882261375586191813151
363797917962074279785156250
363797919514278570810953776
363798812031745910644531250
363798850836853186289469401
363821163773536682128906250
363822133901218573252360026
364379957318305969238281250
364404210510353247324625651
378956125738720099131266276
9094947017729282379150390625
9094947017729282379150390650
9094947017729282379150390651
9094947017729282379150391250
9094947017729282379150391276
9094947017729282379150406250
9094947017729282379150406901
9094947017729282379150781250
9094947017729282379150797526
9094947017729282379160156250
9094947017729282379160563151
9094947017729282379394531250
9094947017729282379404703776
9094947017729282385253906250
9094947017729282385508219401
9094947017729282531738281250
9094947017729282538096110026
9094947017729286193847656250
9094947017729286352793375651
9094947017729377746582031250
9094947017729381720225016276
9094947017731666564941406250
9094947017731765906016031901
9094947017788887023925781250
9094947017791370550791422526
9094947019219398498535156250
9094947019281486670176188151
9094947054982185363769531250
9094947056534389654795328776
9094947949051856994628906250
9094947987856964270273844401
9094970300793647766113281250
9094971270921329657236735026
9095529094338417053222656250
9095553347530464331309000651
9109498932957649230957031250
9110105262758831183115641276
9473903143468002478281656901
227373675443232059478759765625
227373675443232059478759765650
227373675443232059478759765651
227373675443232059478759766250
227373675443232059478759766276
227373675443232059478759781250
227373675443232059478759781901
227373675443232059478760156250
227373675443232059478760172526
227373675443232059478769531250
227373675443232059478769938151
227373675443232059479003906250
227373675443232059479014078776
227373675443232059484863281250
227373675443232059485117594401
227373675443232059631347656250
227373675443232059637705485026
227373675443232063293457031250
227373675443232063452402750651
227373675443232154846191406250
227373675443232158819834391276
227373675443234443664550781250
227373675443234543005625406901
227373675443291664123535156250
227373675443294147650400797526
227373675444722175598144531250
227373675444784263769785563151
227373675480484962463378906250
227373675482037166754404703776
227373676374554634094238281250
227373676413359741369883219401
227373698726296424865722656250
227373699696424106756846110026
227374257519841194152832031250
227374281773033241430918375651
227388227358460426330566406250
227388833688261608282725016276
227737473323941230773925781250
227752631568970779577891031901
236847578586700061957041422526
5684341886080801486968994140625
5684341886080801486968994140650
5684341886080801486968994140651
5684341886080801486968994141250
5684341886080801486968994141276
5684341886080801486968994156250
5684341886080801486968994156901
5684341886080801486968994531250
5684341886080801486968994547526
5684341886080801486969003906250
5684341886080801486969004313151
5684341886080801486969238281250
5684341886080801486969248453776
5684341886080801486975097656250
5684341886080801486975351969401
5684341886080801487121582031250
5684341886080801487127939860026
5684341886080801490783691406250
5684341886080801490942637125651
5684341886080801582336425781250
5684341886080801586310068766276
5684341886080803871154785156250
5684341886080803970495859781901
5684341886080861091613769531250
5684341886080863575140635172526
5684341886082291603088378906250
5684341886082353691260019938151
5684341886118054389953613281250
5684341886119606594244639078776
5684341887012124061584472656250
5684341887050929168860117594401
5684341909363865852355957031250
5684341910333993534247080485026
5684342468157410621643066406250
5684342492410602668921152750651
5684356437996029853820800781250
5684357044325831035772959391276
5684705683961510658264160156250
5684720842206540207068125406901
5693436833098530769348144531250
5693815789224269489447275797526
5921189464667501548926035563151
142108547152020037174224853515625
142108547152020037174224853515650
142108547152020037174224853515651
142108547152020037174224853516250
142108547152020037174224853516276
142108547152020037174224853531250
142108547152020037174224853531901
142108547152020037174224853906250
142108547152020037174224853922526
142108547152020037174224863281250
142108547152020037174224863688151
142108547152020037174225097656250
142108547152020037174225107828776
142108547152020037174230957031250
142108547152020037174231211344401
142108547152020037174377441406250
142108547152020037174383799235026
142108547152020037178039550781250
142108547152020037178198496500651
142108547152020037269592285156250
142108547152020037273565928141276
142108547152020039558410644531250
142108547152020039657751719156901
142108547152020096778869628906250
142108547152020099262396494547526
142108547152021527290344238281250
142108547152021589378515879313151
142108547152057290077209472656250
142108547152058842281500498453776
142108547152951359748840332031250
142108547152990164856115976969401
142108547175303101539611816406250
142108547176273229221502939860026
142108547734096646308898925781250
142108547758349838356177012125651
142108561703935265541076660156250
142108562310265066723028818766276
142108910949900746345520019531250
142108926108145775894323984781901
142117642099037766456604003906250
142118021055163505176703135172526
142335920827463269233703613281250
142345394730606737236181894938151
148029736616687538723150889078776
3552713678800500929355621337890625
3552713678800500929355621337890650
3552713678800500929355621337890651
3552713678800500929355621337891250
3552713678800500929355621337891276
3552713678800500929355621337906250
3552713678800500929355621337906901
3552713678800500929355621338281250
3552713678800500929355621338297526
3552713678800500929355621347656250
3552713678800500929355621348063151
3552713678800500929355621582031250
3552713678800500929355621592203776
3552713678800500929355627441406250
3552713678800500929355627695719401
3552713678800500929355773925781250
3552713678800500929355780283610026
3552713678800500929359436035156250
3552713678800500929359594980875651
3552713678800500929450988769531250
3552713678800500929454962412516276
3552713678800500931739807128906250
3552713678800500931839148203531901
3552713678800500988960266113281250
3552713678800500991443792978922526
3552713678800502419471740722656250
3552713678800502481559912363688151
3552713678800538182258605957031250
3552713678800539734462896982828776
3552713678801432251930236816406250
3552713678801471057037512461344401
3552713678823783993721008300781250
3552713678824754121402899424235026
3552713679382577538490295410156250
3552713679406830730537573496500651
3552713693352416157722473144531250
3552713693958745958904425303141276
3552714042598381638526916503906250
3552714057756626668075720469156901
3552722773747518658638000488281250
3552723152703644397358099619547526
3552941052475944161415100097656250
3552950526379087629417578379313151
3558398020686581730842590332031250
3558634868265168430904547373453776
3700743415417188468078772226969401
88817841970012523233890533447265625
88817841970012523233890533447265650
88817841970012523233890533447265651
88817841970012523233890533447266250
88817841970012523233890533447266276
88817841970012523233890533447281250
88817841970012523233890533447281901
88817841970012523233890533447656250
88817841970012523233890533447672526
88817841970012523233890533457031250
88817841970012523233890533457438151
88817841970012523233890533691406250
88817841970012523233890533701578776
88817841970012523233890539550781250
88817841970012523233890539805094401
88817841970012523233890686035156250
88817841970012523233890692392985026
88817841970012523233894348144531250
88817841970012523233894507090250651
88817841970012523233985900878906250
88817841970012523233989874521891276
88817841970012523236274719238281250
88817841970012523236374060312906901
88817841970012523293495178222656250
88817841970012523295978705088297526
88817841970012524724006652832031250
88817841970012524786094824473063151
88817841970012560486793518066406250
88817841970012562038997809092203776
88817841970013454556465148925781250
88817841970013493361572424570719401
88817841970035806298255920410156250
88817841970036776425937811533610026
88817841970594599843025207519531250
88817841970618853035072485605875651
88817841984564438462257385253906250
88817841985170768263439337412516276
88817842333810403943061828613281250
88817842348968648972610632578531901
88817851064959540963172912597656250
88817851443915666701893011728922526
88818069343687966465950012207031250
88818078817591109933952490488688151
88823526311898604035377502441406250
88823763159477190735439459482828776
88959950517164543271064758300781250
88965871706629210772613684336344401
92518585385429711701969305674235026
2220446049250313080847263336181640625
2220446049250313080847263336181640650
2220446049250313080847263336181640651
2220446049250313080847263336181641250
2220446049250313080847263336181641276
2220446049250313080847263336181656250
2220446049250313080847263336181656901
2220446049250313080847263336182031250
2220446049250313080847263336182047526
2220446049250313080847263336191406250
2220446049250313080847263336191813151
2220446049250313080847263336425781250
2220446049250313080847263336435953776
2220446049250313080847263342285156250
2220446049250313080847263342539469401
2220446049250313080847263488769531250
2220446049250313080847263495127360026
2220446049250313080847267150878906250
2220446049250313080847267309824625651
2220446049250313080847358703613281250
2220446049250313080847362677256266276
2220446049250313080849647521972656250
2220446049250313080849746863047281901
2220446049250313080906867980957031250
2220446049250313080909351507822672526
2220446049250313082337379455566406250
2220446049250313082399467627207438151
2220446049250313118100166320800781250
2220446049250313119652370611826578776
2220446049250314012169837951660156250
2220446049250314050974945227305094401
2220446049250336363911628723144531250
2220446049250337334039310614267985026
2220446049250895157456398010253906250
2220446049250919410648445288340250651
2220446049264864996075630187988281250
2220446049265471325876812140146891276
2220446049614110961556434631347656250
2220446049629269206585983435312906901
2220446058345260098576545715332031250
2220446058724216224315265814463297526
2220446276623988524079322814941406250
2220446286097891667547325293223063151
2220451733592199161648750305175781250
2220451970439777748348812262217203776
2220588157797465100884437561035156250
2220594078986929768385986487070719401
2223998762929113581776618957519531250
2224146792665730269315342108408610026
2312964634635742792549232641855875651
55511151231257827021181583404541015625
55511151231257827021181583404541015650
55511151231257827021181583404541015651
55511151231257827021181583404541016250
55511151231257827021181583404541016276
55511151231257827021181583404541031250
55511151231257827021181583404541031901
55511151231257827021181583404541406250
55511151231257827021181583404541422526
55511151231257827021181583404550781250
55511151231257827021181583404551188151
55511151231257827021181583404785156250
55511151231257827021181583404795328776
55511151231257827021181583410644531250
55511151231257827021181583410898844401
55511151231257827021181583557128906250
55511151231257827021181583563486735026
55511151231257827021181587219238281250
55511151231257827021181587378184000651
55511151231257827021181678771972656250
55511151231257827021181682745615641276
55511151231257827021183967590332031250
55511151231257827021184066931406656901
55511151231257827021241188049316406250
55511151231257827021243671576182047526
55511151231257827022671699523925781250
55511151231257827022733787695566813151
55511151231257827058434486389160156250
55511151231257827059986690680185953776
55511151231257827952504158020019531250
55511151231257827991309265295664469401
55511151231257850304245948791503906250
55511151231257851274373630682627360026
55511151231258409097790718078613281250
55511151231258433350982765356699625651
55511151231272378936409950256347656250
55511151231272985266211132208506266276
55511151231621624901890754699707031250
55511151231636783146920303503672281901
55511151240352774038910865783691406250
55511151240731730164649585882822672526
55511151458631502464413642883300781250
55511151468105405607881645361582438151
55511156915599713101983070373535156250
55511157152447291688683132330576578776
55511293339804979041218757629394531250
55511299260994443708720306555430094401
55514703944936627522110939025878906250
55514851974673244209649662176767985026
55599969073227839544415473937988281250
55603669816643256732883552710215250651
57824115865893569813730816046396891276
