25
625
650
15625
15650
16250
390625
390650
391250
406250
9765625
9765650
9766250
9781250
10156250
244140625
244140650
244141250
244156250
244531250
253906250
6103515625
6103515650
6103516250
6103531250
6103906250
6113281250
6347656250
152587890625
152587890650
152587891250
152587906250
152588281250
152597656250
152832031250
158691406250
3814697265625
3814697265650
3814697266250
3814697281250
3814697656250
3814707031250
3814941406250
3820800781250
3967285156250
95367431640625
95367431640650
95367431641250
95367431656250
95367432031250
95367441406250
95367675781250
95373535156250
95520019531250
99182128906250
2384185791015625
2384185791015650
2384185791016250
2384185791031250
2384185791406250
2384185800781250
2384186035156250
2384191894531250
2384338378906250
2388000488281250
2479553222656250
59604644775390625
59604644775390650
59604644775391250
59604644775406250
59604644775781250
59604644785156250
59604645019531250
59604650878906250
59604797363281250
59608459472656250
59700012207031250
61988830566406250
1490116119384765625
1490116119384765650
1490116119384766250
1490116119384781250
1490116119385156250
1490116119394531250
1490116119628906250
1490116125488281250
1490116271972656250
1490119934082031250
1490211486816406250
1492500305175781250
1549720764160156250
37252902984619140625
37252902984619140650
37252902984619141250
37252902984619156250
37252902984619531250
37252902984628906250
37252902984863281250
37252902990722656250
37252903137207031250
37252906799316406250
37252998352050781250
37255287170410156250
37312507629394531250
38743019104003906250
931322574615478515625
931322574615478515650
931322574615478516250
931322574615478531250
931322574615478906250
931322574615488281250
931322574615722656250
931322574621582031250
931322574768066406250
931322578430175781250
931322669982910156250
931324958801269531250
931382179260253906250
932812690734863281250
968575477600097656250
23283064365386962890625
23283064365386962890650
23283064365386962891250
23283064365386962906250
23283064365386963281250
23283064365386972656250
23283064365387207031250
23283064365393066406250
23283064365539550781250
23283064369201660156250
23283064460754394531250
23283066749572753906250
23283123970031738281250
23284554481506347656250
23320317268371582031250
24214386940002441406250
582076609134674072265625
582076609134674072265650
582076609134674072266250
582076609134674072281250
582076609134674072656250
582076609134674082031250
582076609134674316406250
582076609134680175781250
582076609134826660156250
582076609138488769531250
582076609230041503906250
582076611518859863281250
582076668739318847656250
582078099250793457031250
582113862037658691406250
583007931709289550781250
605359673500061035156250
14551915228366851806640625
14551915228366851806640650
14551915228366851806641250
14551915228366851806656250
14551915228366851807031250
14551915228366851816406250
14551915228366852050781250
14551915228366857910156250
14551915228367004394531250
14551915228370666503906250
14551915228462219238281250
14551915230751037597656250
14551915287971496582031250
14551916718482971191406250
14551952481269836425781250
14552846550941467285156250
14575198292732238769531250
15133991837501525878906250
363797880709171295166015625
363797880709171295166015650
363797880709171295166016250
363797880709171295166031250
363797880709171295166406250
363797880709171295175781250
363797880709171295410156250
363797880709171301269531250
363797880709171447753906250
363797880709175109863281250
363797880709266662597656250
363797880711555480957031250
363797880768775939941406250
363797882199287414550781250
363797917962074279785156250
363798812031745910644531250
363821163773536682128906250
364379957318305969238281250
378349795937538146972656250
9094947017729282379150390625
9094947017729282379150390650
9094947017729282379150391250
9094947017729282379150406250
9094947017729282379150781250
9094947017729282379160156250
9094947017729282379394531250
9094947017729282385253906250
9094947017729282531738281250
9094947017729286193847656250
9094947017729377746582031250
9094947017731666564941406250
9094947017788887023925781250
9094947019219398498535156250
9094947054982185363769531250
9094947949051856994628906250
9094970300793647766113281250
9095529094338417053222656250
9109498932957649230957031250
9458744898438453674316406250
227373675443232059478759765625
227373675443232059478759765650
227373675443232059478759766250
227373675443232059478759781250
227373675443232059478760156250
227373675443232059478769531250
227373675443232059479003906250
227373675443232059484863281250
227373675443232059631347656250
227373675443232063293457031250
227373675443232154846191406250
227373675443234443664550781250
227373675443291664123535156250
227373675444722175598144531250
227373675480484962463378906250
227373676374554634094238281250
227373698726296424865722656250
227374257519841194152832031250
227388227358460426330566406250
227737473323941230773925781250
236468622460961341857910156250
5684341886080801486968994140625
5684341886080801486968994140650
5684341886080801486968994141250
5684341886080801486968994156250
5684341886080801486968994531250
5684341886080801486969003906250
5684341886080801486969238281250
5684341886080801486975097656250
5684341886080801487121582031250
5684341886080801490783691406250
5684341886080801582336425781250
5684341886080803871154785156250
5684341886080861091613769531250
5684341886082291603088378906250
5684341886118054389953613281250
5684341887012124061584472656250
5684341909363865852355957031250
5684342468157410621643066406250
5684356437996029853820800781250
5684705683961510658264160156250
5693436833098530769348144531250
5911715561524033546447753906250
142108547152020037174224853515625
142108547152020037174224853515650
142108547152020037174224853516250
142108547152020037174224853531250
142108547152020037174224853906250
142108547152020037174224863281250
142108547152020037174225097656250
142108547152020037174230957031250
142108547152020037174377441406250
142108547152020037178039550781250
142108547152020037269592285156250
142108547152020039558410644531250
142108547152020096778869628906250
142108547152021527290344238281250
142108547152057290077209472656250
142108547152951359748840332031250
142108547175303101539611816406250
142108547734096646308898925781250
142108561703935265541076660156250
142108910949900746345520019531250
142117642099037766456604003906250
142335920827463269233703613281250
147792889038100838661193847656250
3552713678800500929355621337890625
3552713678800500929355621337890650
3552713678800500929355621337891250
3552713678800500929355621337906250
3552713678800500929355621338281250
3552713678800500929355621347656250
3552713678800500929355621582031250
3552713678800500929355627441406250
3552713678800500929355773925781250
3552713678800500929359436035156250
3552713678800500929450988769531250
3552713678800500931739807128906250
3552713678800500988960266113281250
3552713678800502419471740722656250
3552713678800538182258605957031250
3552713678801432251930236816406250
3552713678823783993721008300781250
3552713679382577538490295410156250
3552713693352416157722473144531250
3552714042598381638526916503906250
3552722773747518658638000488281250
3552941052475944161415100097656250
3558398020686581730842590332031250
3694822225952520966529846191406250
88817841970012523233890533447265625
88817841970012523233890533447265650
88817841970012523233890533447266250
88817841970012523233890533447281250
88817841970012523233890533447656250
88817841970012523233890533457031250
88817841970012523233890533691406250
88817841970012523233890539550781250
88817841970012523233890686035156250
88817841970012523233894348144531250
88817841970012523233985900878906250
88817841970012523236274719238281250
88817841970012523293495178222656250
88817841970012524724006652832031250
88817841970012560486793518066406250
88817841970013454556465148925781250
88817841970035806298255920410156250
88817841970594599843025207519531250
88817841984564438462257385253906250
88817842333810403943061828613281250
88817851064959540963172912597656250
88818069343687966465950012207031250
88823526311898604035377502441406250
88959950517164543271064758300781250
92370555648813024163246154785156250
2220446049250313080847263336181640625
2220446049250313080847263336181640650
2220446049250313080847263336181641250
2220446049250313080847263336181656250
2220446049250313080847263336182031250
2220446049250313080847263336191406250
2220446049250313080847263336425781250
2220446049250313080847263342285156250
2220446049250313080847263488769531250
2220446049250313080847267150878906250
2220446049250313080847358703613281250
2220446049250313080849647521972656250
2220446049250313080906867980957031250
2220446049250313082337379455566406250
2220446049250313118100166320800781250
2220446049250314012169837951660156250
2220446049250336363911628723144531250
2220446049250895157456398010253906250
2220446049264864996075630187988281250
2220446049614110961556434631347656250
2220446058345260098576545715332031250
2220446276623988524079322814941406250
2220451733592199161648750305175781250
2220588157797465100884437561035156250
2223998762929113581776618957519531250
2309263891220325604081153869628906250
55511151231257827021181583404541015625
55511151231257827021181583404541015650
55511151231257827021181583404541016250
55511151231257827021181583404541031250
55511151231257827021181583404541406250
55511151231257827021181583404550781250
55511151231257827021181583404785156250
55511151231257827021181583410644531250
55511151231257827021181583557128906250
55511151231257827021181587219238281250
55511151231257827021181678771972656250
55511151231257827021183967590332031250
55511151231257827021241188049316406250
55511151231257827022671699523925781250
55511151231257827058434486389160156250
55511151231257827952504158020019531250
55511151231257850304245948791503906250
55511151231258409097790718078613281250
55511151231272378936409950256347656250
55511151231621624901890754699707031250
55511151240352774038910865783691406250
55511151458631502464413642883300781250
55511156915599713101983070373535156250
55511293339804979041218757629394531250
55514703944936627522110939025878906250
55599969073227839544415473937988281250
57731597280508140102028846740722656250
