900
931
27000
27030
27031
27931
810000
810030
810031
810900
810931
837931
24300000
24300030
24300031
24300900
24300931
24327000
24327931
25137931
729000000
729000030
729000031
729000900
729000931
729027000
729027931
729810000
729837931
754137931
21870000000
21870000030
21870000031
21870000900
21870000931
21870027000
21870027931
21870810000
21870837931
21894300000
21895137931
22624137931
656100000000
656100000030
656100000031
656100000900
656100000931
656100027000
656100027931
656100810000
656100837931
656124300000
656125137931
656829000000
656854137931
678724137931
19683000000000
19683000000030
19683000000031
19683000000900
19683000000931
19683000027000
19683000027931
19683000810000
19683000837931
19683024300000
19683025137931
19683729000000
19683754137931
19704870000000
19705624137931
20361724137931
590490000000000
590490000000030
590490000000031
590490000000900
590490000000931
590490000027000
590490000027931
590490000810000
590490000837931
590490024300000
590490025137931
590490729000000
590490754137931
590511870000000
590512624137931
591146100000000
591168724137931
610851724137931
17714700000000000
17714700000000030
17714700000000031
17714700000000900
17714700000000931
17714700000027000
17714700000027931
17714700000810000
17714700000837931
17714700024300000
17714700025137931
17714700729000000
17714700754137931
17714721870000000
17714722624137931
17715356100000000
17715378724137931
17734383000000000
17735061724137931
18325551724137931
531441000000000000
531441000000000030
531441000000000031
531441000000000900
531441000000000931
531441000000027000
531441000000027931
531441000000810000
531441000000837931
531441000024300000
531441000025137931
531441000729000000
531441000754137931
531441021870000000
531441022624137931
531441656100000000
531441678724137931
531460683000000000
531461361724137931
532031490000000000
532051851724137931
549766551724137931
15943230000000000000
15943230000000000030
15943230000000000031
15943230000000000900
15943230000000000931
15943230000000027000
15943230000000027931
15943230000000810000
15943230000000837931
15943230000024300000
15943230000025137931
15943230000729000000
15943230000754137931
15943230021870000000
15943230022624137931
15943230656100000000
15943230678724137931
15943249683000000000
15943250361724137931
15943820490000000000
15943840851724137931
15960944700000000000
15961555551724137931
16492996551724137931
478296900000000000000
478296900000000000030
478296900000000000031
478296900000000000900
478296900000000000931
478296900000000027000
478296900000000027931
478296900000000810000
478296900000000837931
478296900000024300000
478296900000025137931
478296900000729000000
478296900000754137931
478296900021870000000
478296900022624137931
478296900656100000000
478296900678724137931
478296919683000000000
478296920361724137931
478297490490000000000
478297510851724137931
478314614700000000000
478315225551724137931
478828341000000000000
478846666551724137931
494789896551724137931
14348907000000000000000
14348907000000000000030
14348907000000000000031
14348907000000000000900
14348907000000000000931
14348907000000000027000
14348907000000000027931
14348907000000000810000
14348907000000000837931
14348907000000024300000
14348907000000025137931
14348907000000729000000
14348907000000754137931
14348907000021870000000
14348907000022624137931
14348907000656100000000
14348907000678724137931
14348907019683000000000
14348907020361724137931
14348907590490000000000
14348907610851724137931
14348924714700000000000
14348925325551724137931
14349438441000000000000
14349456766551724137931
14364850230000000000000
14365399996551724137931
14843696896551724137931
430467210000000000000000
430467210000000000000030
430467210000000000000031
430467210000000000000900
430467210000000000000931
430467210000000000027000
430467210000000000027931
430467210000000000810000
430467210000000000837931
430467210000000024300000
430467210000000025137931
430467210000000729000000
430467210000000754137931
430467210000021870000000
430467210000022624137931
430467210000656100000000
430467210000678724137931
430467210019683000000000
430467210020361724137931
430467210590490000000000
430467210610851724137931
430467227714700000000000
430467228325551724137931
430467741441000000000000
430467759766551724137931
430483153230000000000000
430483702996551724137931
430945506900000000000000
430961999896551724137931
445310906896551724137931
12914016300000000000000000
12914016300000000000000030
12914016300000000000000031
12914016300000000000000900
12914016300000000000000931
12914016300000000000027000
12914016300000000000027931
12914016300000000000810000
12914016300000000000837931
12914016300000000024300000
12914016300000000025137931
12914016300000000729000000
12914016300000000754137931
12914016300000021870000000
12914016300000022624137931
12914016300000656100000000
12914016300000678724137931
12914016300019683000000000
12914016300020361724137931
12914016300590490000000000
12914016300610851724137931
12914016317714700000000000
12914016318325551724137931
12914016831441000000000000
12914016849766551724137931
12914032243230000000000000
12914032792996551724137931
12914494596900000000000000
12914511089896551724137931
12928365207000000000000000
12928859996896551724137931
13359327206896551724137931
387420489000000000000000000
387420489000000000000000030
387420489000000000000000031
387420489000000000000000900
387420489000000000000000931
387420489000000000000027000
387420489000000000000027931
387420489000000000000810000
387420489000000000000837931
387420489000000000024300000
387420489000000000025137931
387420489000000000729000000
387420489000000000754137931
387420489000000021870000000
387420489000000022624137931
387420489000000656100000000
387420489000000678724137931
387420489000019683000000000
387420489000020361724137931
387420489000590490000000000
387420489000610851724137931
387420489017714700000000000
387420489018325551724137931
387420489531441000000000000
387420489549766551724137931
387420504943230000000000000
387420505492996551724137931
387420967296900000000000000
387420983789896551724137931
387434837907000000000000000
387435332696896551724137931
387850956210000000000000000
387865799906896551724137931
400779816206896551724137931
11622614670000000000000000000
11622614670000000000000000030
11622614670000000000000000031
11622614670000000000000000900
11622614670000000000000000931
11622614670000000000000027000
11622614670000000000000027931
11622614670000000000000810000
11622614670000000000000837931
11622614670000000000024300000
11622614670000000000025137931
11622614670000000000729000000
11622614670000000000754137931
11622614670000000021870000000
11622614670000000022624137931
11622614670000000656100000000
11622614670000000678724137931
11622614670000019683000000000
11622614670000020361724137931
11622614670000590490000000000
11622614670000610851724137931
11622614670017714700000000000
11622614670018325551724137931
11622614670531441000000000000
11622614670549766551724137931
11622614685943230000000000000
11622614686492996551724137931
11622615148296900000000000000
11622615164789896551724137931
11622629018907000000000000000
11622629513696896551724137931
11623045137210000000000000000
11623059980906896551724137931
11635528686300000000000000000
11635973997206896551724137931
12023394486206896551724137931
348678440100000000000000000000
348678440100000000000000000030
348678440100000000000000000031
348678440100000000000000000900
348678440100000000000000000931
348678440100000000000000027000
348678440100000000000000027931
348678440100000000000000810000
348678440100000000000000837931
348678440100000000000024300000
348678440100000000000025137931
348678440100000000000729000000
348678440100000000000754137931
348678440100000000021870000000
348678440100000000022624137931
348678440100000000656100000000
348678440100000000678724137931
348678440100000019683000000000
348678440100000020361724137931
348678440100000590490000000000
348678440100000610851724137931
348678440100017714700000000000
348678440100018325551724137931
348678440100531441000000000000
348678440100549766551724137931
348678440115943230000000000000
348678440116492996551724137931
348678440578296900000000000000
348678440594789896551724137931
348678454448907000000000000000
348678454943696896551724137931
348678870567210000000000000000
348678885410906896551724137931
348691354116300000000000000000
348691799427206896551724137931
349065860589000000000000000000
349079219916206896551724137931
360701834586206896551724137931
10460353203000000000000000000000
10460353203000000000000000000030
10460353203000000000000000000031
10460353203000000000000000000900
10460353203000000000000000000931
10460353203000000000000000027000
10460353203000000000000000027931
10460353203000000000000000810000
10460353203000000000000000837931
10460353203000000000000024300000
10460353203000000000000025137931
10460353203000000000000729000000
10460353203000000000000754137931
10460353203000000000021870000000
10460353203000000000022624137931
10460353203000000000656100000000
10460353203000000000678724137931
10460353203000000019683000000000
10460353203000000020361724137931
10460353203000000590490000000000
10460353203000000610851724137931
10460353203000017714700000000000
10460353203000018325551724137931
10460353203000531441000000000000
10460353203000549766551724137931
10460353203015943230000000000000
10460353203016492996551724137931
10460353203478296900000000000000
10460353203494789896551724137931
10460353217348907000000000000000
10460353217843696896551724137931
10460353633467210000000000000000
10460353648310906896551724137931
10460366117016300000000000000000
10460366562327206896551724137931
10460740623489000000000000000000
10460753982816206896551724137931
10471975817670000000000000000000
10472376597486206896551724137931
10821055037586206896551724137931
313810596090000000000000000000000
313810596090000000000000000000030
313810596090000000000000000000031
313810596090000000000000000000900
313810596090000000000000000000931
313810596090000000000000000027000
313810596090000000000000000027931
313810596090000000000000000810000
313810596090000000000000000837931
313810596090000000000000024300000
313810596090000000000000025137931
313810596090000000000000729000000
313810596090000000000000754137931
313810596090000000000021870000000
313810596090000000000022624137931
313810596090000000000656100000000
313810596090000000000678724137931
313810596090000000019683000000000
313810596090000000020361724137931
313810596090000000590490000000000
313810596090000000610851724137931
313810596090000017714700000000000
313810596090000018325551724137931
313810596090000531441000000000000
313810596090000549766551724137931
313810596090015943230000000000000
313810596090016492996551724137931
313810596090478296900000000000000
313810596090494789896551724137931
313810596104348907000000000000000
313810596104843696896551724137931
313810596520467210000000000000000
313810596535310906896551724137931
313810609004016300000000000000000
313810609449327206896551724137931
313810983510489000000000000000000
313810996869816206896551724137931
313822218704670000000000000000000
313822619484486206896551724137931
314159274530100000000000000000000
314171297924586206896551724137931
324631651127586206896551724137931
9414317882700000000000000000000000
9414317882700000000000000000000030
9414317882700000000000000000000031
9414317882700000000000000000000900
9414317882700000000000000000000931
9414317882700000000000000000027000
9414317882700000000000000000027931
9414317882700000000000000000810000
9414317882700000000000000000837931
9414317882700000000000000024300000
9414317882700000000000000025137931
9414317882700000000000000729000000
9414317882700000000000000754137931
9414317882700000000000021870000000
9414317882700000000000022624137931
9414317882700000000000656100000000
9414317882700000000000678724137931
9414317882700000000019683000000000
9414317882700000000020361724137931
9414317882700000000590490000000000
9414317882700000000610851724137931
9414317882700000017714700000000000
9414317882700000018325551724137931
9414317882700000531441000000000000
9414317882700000549766551724137931
9414317882700015943230000000000000
9414317882700016492996551724137931
9414317882700478296900000000000000
9414317882700494789896551724137931
9414317882714348907000000000000000
9414317882714843696896551724137931
9414317883130467210000000000000000
9414317883145310906896551724137931
9414317895614016300000000000000000
9414317896059327206896551724137931
9414318270120489000000000000000000
9414318283479816206896551724137931
9414329505314670000000000000000000
9414329906094486206896551724137931
9414666561140100000000000000000000
9414678584534586206896551724137931
9424778235903000000000000000000000
9425138937737586206896551724137931
9738949533827586206896551724137931
282429536481000000000000000000000000
282429536481000000000000000000000030
282429536481000000000000000000000031
282429536481000000000000000000000900
282429536481000000000000000000000931
282429536481000000000000000000027000
282429536481000000000000000000027931
282429536481000000000000000000810000
282429536481000000000000000000837931
282429536481000000000000000024300000
282429536481000000000000000025137931
282429536481000000000000000729000000
282429536481000000000000000754137931
282429536481000000000000021870000000
282429536481000000000000022624137931
282429536481000000000000656100000000
282429536481000000000000678724137931
282429536481000000000019683000000000
282429536481000000000020361724137931
282429536481000000000590490000000000
282429536481000000000610851724137931
282429536481000000017714700000000000
282429536481000000018325551724137931
282429536481000000531441000000000000
282429536481000000549766551724137931
282429536481000015943230000000000000
282429536481000016492996551724137931
282429536481000478296900000000000000
282429536481000494789896551724137931
282429536481014348907000000000000000
282429536481014843696896551724137931
282429536481430467210000000000000000
282429536481445310906896551724137931
282429536493914016300000000000000000
282429536494359327206896551724137931
282429536868420489000000000000000000
282429536881779816206896551724137931
282429548103614670000000000000000000
282429548504394486206896551724137931
282429885159440100000000000000000000
282429897182834586206896551724137931
282439996834203000000000000000000000
282440357536037586206896551724137931
282743347077090000000000000000000000
282754168132127586206896551724137931
292168486014827586206896551724137931
8472886094430000000000000000000000000
8472886094430000000000000000000000030
8472886094430000000000000000000000031
8472886094430000000000000000000000900
8472886094430000000000000000000000931
8472886094430000000000000000000027000
8472886094430000000000000000000027931
8472886094430000000000000000000810000
8472886094430000000000000000000837931
8472886094430000000000000000024300000
8472886094430000000000000000025137931
8472886094430000000000000000729000000
8472886094430000000000000000754137931
8472886094430000000000000021870000000
8472886094430000000000000022624137931
8472886094430000000000000656100000000
8472886094430000000000000678724137931
8472886094430000000000019683000000000
8472886094430000000000020361724137931
8472886094430000000000590490000000000
8472886094430000000000610851724137931
8472886094430000000017714700000000000
8472886094430000000018325551724137931
8472886094430000000531441000000000000
8472886094430000000549766551724137931
8472886094430000015943230000000000000
8472886094430000016492996551724137931
8472886094430000478296900000000000000
8472886094430000494789896551724137931
8472886094430014348907000000000000000
8472886094430014843696896551724137931
8472886094430430467210000000000000000
8472886094430445310906896551724137931
8472886094442914016300000000000000000
8472886094443359327206896551724137931
8472886094817420489000000000000000000
8472886094830779816206896551724137931
8472886106052614670000000000000000000
8472886106453394486206896551724137931
8472886443108440100000000000000000000
8472886455131834586206896551724137931
8472896554783203000000000000000000000
8472896915485037586206896551724137931
8473199905026090000000000000000000000
8473210726081127586206896551724137931
8482300412312700000000000000000000000
8482625043963827586206896551724137931
8765054580444827586206896551724137931
254186582832900000000000000000000000000
254186582832900000000000000000000000030
254186582832900000000000000000000000031
254186582832900000000000000000000000900
254186582832900000000000000000000000931
254186582832900000000000000000000027000
254186582832900000000000000000000027931
254186582832900000000000000000000810000
254186582832900000000000000000000837931
254186582832900000000000000000024300000
254186582832900000000000000000025137931
254186582832900000000000000000729000000
254186582832900000000000000000754137931
254186582832900000000000000021870000000
254186582832900000000000000022624137931
254186582832900000000000000656100000000
254186582832900000000000000678724137931
254186582832900000000000019683000000000
254186582832900000000000020361724137931
254186582832900000000000590490000000000
254186582832900000000000610851724137931
254186582832900000000017714700000000000
254186582832900000000018325551724137931
254186582832900000000531441000000000000
254186582832900000000549766551724137931
254186582832900000015943230000000000000
254186582832900000016492996551724137931
254186582832900000478296900000000000000
254186582832900000494789896551724137931
254186582832900014348907000000000000000
254186582832900014843696896551724137931
254186582832900430467210000000000000000
254186582832900445310906896551724137931
254186582832912914016300000000000000000
254186582832913359327206896551724137931
254186582833287420489000000000000000000
254186582833300779816206896551724137931
254186582844522614670000000000000000000
254186582844923394486206896551724137931
254186583181578440100000000000000000000
254186583193601834586206896551724137931
254186593293253203000000000000000000000
254186593653955037586206896551724137931
254186896643496090000000000000000000000
254186907464551127586206896551724137931
254195997150782700000000000000000000000
254196321782433827586206896551724137931
254469012369381000000000000000000000000
254478751318914827586206896551724137931
262951637413344827586206896551724137931
