1024
1048576
1049600
1073741824
1073742848
1074790400
1099511627776
1099511628800
1099512676352
1100585369600
1125899906842624
1125899906843648
1125899907891200
1125900980584448
1126999418470400
1152921504606846976
1152921504606848000
1152921504607895552
1152921505680588800
1152922604118474752
1154047404513689600
1180591620717411303424
1180591620717411304448
1180591620717412352000
1180591620718485045248
1180591621816922931200
1180592746617318146048
1181744542222018150400
1208925819614629174706176
1208925819614629174707200
1208925819614629175754752
1208925819614630248448000
1208925819615728686333952
1208925820740529081548800
1208926972536133781553152
1210106411235346586009600
1237940039285380274899124224
1237940039285380274899125248
1237940039285380274900172800
1237940039285380275972866048
1237940039285381374410752000
1237940039286506174805966848
1237940040438301779505971200
1237941219877000992310427648
1239148965104994904073830400
1267650600228229401496703205376
1267650600228229401496703206400
1267650600228229401496704253952
1267650600228229401497776947200
1267650600228229402596214833152
1267650600228230527396610048000
1267650600229382323001310052352
1267650601408821022214114508800
1267651809154049016125877911552
1268888540267514781771602329600
1298074214633706907132624082305024
1298074214633706907132624082306048
1298074214633706907132624083353600
1298074214633706907132625156046848
1298074214633706907133723593932800
1298074214633706908258523989147648
1298074214633708060054128689152000
1298074214634887498753341493608448
1298074215842632726747253257011200
1298075452573746192512898981429248
1299341865233935136534120785510400
1329227995784915872903807060280344576
1329227995784915872903807060280345600
1329227995784915872903807060281393152
1329227995784915872903807061354086400
1329227995784915872903808159791972352
1329227995784915872904932960187187200
1329227995784915874056728564887191552
1329227995784917053495427777691648000
1329227995786124798723421689455050752
1329227997022855912189187335179468800
1329229263435516101133208556983549952
1330526069999549579810939684362649600
