16384
268435456
268451840
4398046511104
4398046527488
4398314946560
72057594037927936
72057594037944320
72057594306363392
72061992084439040
1180591620717411303424
1180591620717411319808
1180591620717679738880
1180591625115457814528
1180663678311449231360
19342813113834066795298816
19342813113834066795315200
19342813113834067063734272
19342813113838464841809920
19342813185891660833226752
19343993705454784206602240
316912650057057350374175801344
316912650057057350374175817728
316912650057057350374444236800
316912650057057354772222312448
316912650057129407968213729280
316912651237648971091587104768
316931992870171184440971100160
5192296858534827628530496329220096
5192296858534827628530496329236480
5192296858534827628530496597655552
5192296858534827628534894375731200
5192296858534827700588090367148032
5192296858536008220151213740523520
5192296877877640742364563124518912
5192613771184884685880870505021440
85070591730234615865843651857942052864
85070591730234615865843651857942069248
85070591730234615865843651858210488320
85070591730234615865843656255988563968
85070591730234615865915709451979980800
85070591730234617046435272575353356288
85070591730253958678957485924737351680
85070592047147265922901002232117854208
85075784027093150693472182354271272960
