16
17
256
272
4096
4112
4352
65536
65552
65792
69632
1048576
1048592
1048832
1052672
1114112
16777216
16777232
16777472
16781312
16842752
17825792
268435456
268435472
268435712
268439552
268500992
269484032
285212672
4294967296
4294967312
4294967552
4294971392
4295032832
4296015872
4311744512
4563402752
68719476736
68719476752
68719476992
68719480832
68719542272
68720525312
68736253952
68987912192
73014444032
1099511627776
1099511627792
1099511628032
1099511631872
1099511693312
1099512676352
1099528404992
1099780063232
1103806595072
1168231104512
17592186044416
17592186044432
17592186044672
17592186048512
17592186109952
17592187092992
17592202821632
17592454479872
17596481011712
17660905521152
18691697672192
281474976710656
281474976710672
281474976710912
281474976714752
281474976776192
281474977759232
281474993487872
281475245146112
281479271677952
281543696187392
282574488338432
299067162755072
4503599627370496
4503599627370512
4503599627370752
4503599627374592
4503599627436032
4503599628419072
4503599644147712
4503599895805952
4503603922337792
4503668346847232
4504699138998272
4521191813414912
4785074604081152
72057594037927936
72057594037927952
72057594037928192
72057594037932032
72057594037993472
72057594038976512
72057594054705152
72057594306363392
72057598332895232
72057662757404672
72058693549555712
72075186223972352
72339069014638592
76561193665298432
1152921504606846976
1152921504606846992
1152921504606847232
1152921504606851072
1152921504606912512
1152921504607895552
1152921504623624192
1152921504875282432
1152921508901814272
1152921573326323712
1152922604118474752
1152939096792891392
1153202979583557632
1157425104234217472
1224979098644774912
18446744073709551616
18446744073709551632
18446744073709551872
18446744073709555712
18446744073709617152
18446744073710600192
18446744073726328832
18446744073977987072
18446744078004518912
18446744142429028352
18446745173221179392
18446761665895596032
18447025548686262272
18451247673336922112
18518801667747479552
19599665578316398592
295147905179352825856
295147905179352825872
295147905179352826112
295147905179352829952
295147905179352891392
295147905179353874432
295147905179369603072
295147905179621261312
295147905183647793152
295147905248072302592
295147906278864453632
295147922771538870272
295148186654329536512
295152408778980196352
295219962773390753792
296300826683959672832
313594649253062377472
4722366482869645213696
4722366482869645213712
4722366482869645213952
4722366482869645217792
4722366482869645279232
4722366482869646262272
4722366482869661990912
4722366482869913649152
4722366482873940180992
4722366482938364690432
4722366483969156841472
4722366500461831258112
4722366764344621924352
4722370986469272584192
4722438540463683141632
4723519404374252060672
4740813226943354765312
5017514388048998039552
75557863725914323419136
75557863725914323419152
75557863725914323419392
75557863725914323423232
75557863725914323484672
75557863725914324467712
75557863725914340196352
75557863725914591854592
75557863725918618386432
75557863725983042895872
75557863727013835046912
75557863743506509463552
75557864007389300129792
75557868229513950789632
75557935783508361347072
75559016647418930266112
75576310469988032970752
75853011631093676244992
80280230208783968632832
1208925819614629174706176
1208925819614629174706192
1208925819614629174706432
1208925819614629174710272
1208925819614629174771712
1208925819614629175754752
1208925819614629191483392
1208925819614629443141632
1208925819614633469673472
1208925819614697894182912
1208925819615728686333952
1208925819632221360750592
1208925819896104151416832
1208925824118228802076672
1208925891672223212634112
1208926972536133781553152
1208944266358702884257792
1209220967519808527532032
1213648186097498819919872
1284483683340543498125312
19342813113834066795298816
19342813113834066795298832
19342813113834066795299072
19342813113834066795302912
19342813113834066795364352
19342813113834066796347392
19342813113834066812076032
19342813113834067063734272
19342813113834071090266112
19342813113834135514775552
19342813113835166306926592
19342813113851658981343232
19342813114115541772009472
19342813118337666422669312
19342813185891660833226752
19342814266755571402145792
19342831560578140504850432
19343108261739246148124672
19347535480316936440512512
19418370977559981118717952
20551738933448695970004992
309485009821345068724781056
309485009821345068724781072
309485009821345068724781312
309485009821345068724785152
309485009821345068724846592
309485009821345068725829632
309485009821345068741558272
309485009821345068993216512
309485009821345073019748352
309485009821345137444257792
309485009821346168236408832
309485009821362660910825472
309485009821626543701491712
309485009825848668352151552
309485009893402662762708992
309485010974266573331628032
309485028268089142434332672
309485304969250248077606912
309489732187827938369994752
309560567685070983048200192
310693935640959697899487232
328827822935179135520079872
4951760157141521099596496896
4951760157141521099596496912
4951760157141521099596497152
4951760157141521099596500992
4951760157141521099596562432
4951760157141521099597545472
4951760157141521099613274112
4951760157141521099864932352
4951760157141521103891464192
4951760157141521168315973632
4951760157141522199108124672
4951760157141538691782541312
4951760157141802574573207552
4951760157146024699223867392
4951760157213578693634424832
4951760158294442604203343872
4951760175588265173306048512
4951760452289426278949322752
4951764879508003969241710592
4951835715005247013919916032
4952969082961135728771203072
4971102970255355166391795712
5261245166962866168321277952
79228162514264337593543950336
79228162514264337593543950352
79228162514264337593543950592
79228162514264337593543954432
79228162514264337593544015872
79228162514264337593544998912
79228162514264337593560727552
79228162514264337593812385792
79228162514264337597838917632
79228162514264337662263427072
79228162514264338693055578112
79228162514264355185729994752
79228162514264619068520660992
79228162514268841193171320832
79228162514336395187581878272
79228162515417259098150797312
79228162532711081667253501952
79228162809412242772896776192
79228167236630820463189164032
79228238072128063507867369472
79229371440083952222718656512
79247505327378171660339249152
79537647524085682662268731392
84179922671405858693140447232
1267650600228229401496703205376
1267650600228229401496703205392
1267650600228229401496703205632
1267650600228229401496703209472
1267650600228229401496703270912
1267650600228229401496704253952
1267650600228229401496719982592
1267650600228229401496971640832
1267650600228229401500998172672
1267650600228229401565422682112
1267650600228229402596214833152
1267650600228229419088889249792
1267650600228229682971679916032
1267650600228233905096330575872
1267650600228301459090741133312
1267650600229382323001310052352
1267650600246676145570412756992
1267650600523377306676056031232
1267650604950595884366348419072
1267650675786093127411026624512
1267651809154049016125877911552
1267669943041343235563498504192
1267960085238050746565427986432
1272602360385370922596299702272
1346878762742493739090247155712
20282409603651670423947251286016
20282409603651670423947251286032
20282409603651670423947251286272
20282409603651670423947251290112
20282409603651670423947251351552
20282409603651670423947252334592
20282409603651670423947268063232
20282409603651670423947519721472
20282409603651670423951546253312
20282409603651670424015970762752
20282409603651670425046762913792
20282409603651670441539437330432
20282409603651670705422227996672
20282409603651674927546878656512
20282409603651742481541289213952
20282409603652823345451858132992
20282409603670117168020960837632
20282409603946818329126604111872
20282409608374036906816896499712
20282409679209534149861574705152
20282410812577490038576425992192
20282428946464784258014046584832
20282719088661491769015976067072
20287361363808811945046847782912
20361637766165934761540795236352
21550060203879899825443954491392
324518553658426726783156020576256
324518553658426726783156020576272
324518553658426726783156020576512
324518553658426726783156020580352
324518553658426726783156020641792
324518553658426726783156021624832
324518553658426726783156037353472
324518553658426726783156289011712
324518553658426726783160315543552
324518553658426726783224740052992
324518553658426726784255532204032
324518553658426726800748206620672
324518553658426727064630997286912
324518553658426731286755647946752
324518553658426798840750058504192
324518553658427879704660627423232
324518553658445173527229730127872
324518553658721874688335373402112
324518553663149093266025665789952
324518553733984590509070343995392
324518554867352546397785195282432
324518573001239840617222815875072
324518863143436548128224745357312
324523505418583868304255617073152
324597781820940991120749564526592
325786204258654956184652723781632
344800963262078397207103271862272
5192296858534827628530496329220096
5192296858534827628530496329220112
5192296858534827628530496329220352
5192296858534827628530496329224192
5192296858534827628530496329285632
5192296858534827628530496330268672
5192296858534827628530496345997312
5192296858534827628530496597655552
5192296858534827628530500624187392
5192296858534827628530565048696832
5192296858534827628531595840847872
5192296858534827628548088515264512
5192296858534827628811971305930752
5192296858534827633034095956590592
5192296858534827700588090367148032
5192296858534828781452000936067072
5192296858534846075274570038771712
5192296858535122776435675682045952
5192296858539549995013365974433792
5192296858610385492256410652639232
5192296859743753448145125503926272
5192296877877640742364563124518912
5192297168019837449875565054001152
5192301810294984770051595925716992
5192376086697341892868089873170432
5193564509135055857931993032425472
5212579268138479298954443580506112
5516815412193254355313652349796352
83076749736557242056487941267521536
83076749736557242056487941267521552
83076749736557242056487941267521792
83076749736557242056487941267525632
83076749736557242056487941267587072
83076749736557242056487941268570112
83076749736557242056487941284298752
83076749736557242056487941535956992
83076749736557242056487945562488832
83076749736557242056488009986998272
83076749736557242056489040779149312
83076749736557242056505533453565952
83076749736557242056769416244232192
83076749736557242060991540894892032
83076749736557242128545535305449472
83076749736557243209409445874368512
83076749736557260503232014977073152
83076749736557537204393120620347392
83076749736561964422970810912735232
83076749736632799920213855590940672
83076749737766167876102570442227712
83076749755900055170322008062820352
83076750046042251877833009992302592
83076754688317399198009040864018432
83076828964719756320825534811471872
83078017387157470285889437970726912
83097032146160893726911888518807552
83401268290215668783271097288097792
88269046595092069685018437596741632
1329227995784915872903807060280344576
1329227995784915872903807060280344592
1329227995784915872903807060280344832
1329227995784915872903807060280348672
1329227995784915872903807060280410112
1329227995784915872903807060281393152
1329227995784915872903807060297121792
1329227995784915872903807060548780032
1329227995784915872903807064575311872
1329227995784915872903807128999821312
1329227995784915872903808159791972352
1329227995784915872903824652466388992
1329227995784915872904088535257055232
1329227995784915872908310659907715072
1329227995784915872975864654318272512
1329227995784915874056728564887191552
1329227995784915891350551133989896192
1329227995784916168051712239633170432
1329227995784920595270289929925558272
1329227995784991430767532974603763712
1329227995786124798723421689455050752
1329227995804258686017641127075643392
1329227996094400882725152129005125632
1329228000736676030045328159876841472
1329228075013078387168144653824294912
1329229263435516101133208556983549952
1329248278194519524574231007531630592
1329552514338574299630590216300920832
1334420292643450700532337556609564672
1412304745521473114960295001547866112
21267647932558653966460912964485513216
21267647932558653966460912964485513232
21267647932558653966460912964485513472
21267647932558653966460912964485517312
21267647932558653966460912964485578752
21267647932558653966460912964486561792
21267647932558653966460912964502290432
21267647932558653966460912964753948672
21267647932558653966460912968780480512
21267647932558653966460913033204989952
21267647932558653966460914063997140992
21267647932558653966460930556671557632
21267647932558653966461194439462223872
21267647932558653966465416564112883712
21267647932558653966532970558523441152
21267647932558653967613834469092360192
21267647932558653984907657038195064832
21267647932558654261608818143838339072
21267647932558658688827395834130726912
21267647932558729524324638878808932352
21267647932559862892280527593660219392
21267647932577996779574747031280812032
21267647932868138976282258033210294272
21267647937510414123602434064082010112
21267648011786816480725250558029463552
21267649200209254194690314461188718592
21267668214968257618131336911736799232
21267972451112312393187696120506089472
21272840229417188794089443460814733312
21350724682295211208517400905753034752
22596875928343569839364720024765857792
340282366920938463463374607431768211456
340282366920938463463374607431768211472
340282366920938463463374607431768211712
340282366920938463463374607431768215552
340282366920938463463374607431768276992
340282366920938463463374607431769260032
340282366920938463463374607431784988672
340282366920938463463374607432036646912
340282366920938463463374607436063178752
340282366920938463463374607500487688192
340282366920938463463374608531279839232
340282366920938463463374625023954255872
340282366920938463463374888906744922112
340282366920938463463379111031395581952
340282366920938463463446665025806139392
340282366920938463464527528936375058432
340282366920938463481821351505477763072
340282366920938463758522512611121037312
340282366920938468185741090301413425152
340282366920938539021238333346091630592
340282366920939672389194222060942917632
340282366920957806276488441498563510272
340282366921247948473195952500492992512
340282366925890223620516128531364708352
340282367000166625977638945025312161792
340282368188589063691604008928471416832
340282387203348067115045031379019497472
340282691439492121890101390587788787712
340287559217796998291003137928097431552
340365443670675020705431095373035732992
341611594916723379336278414492048556032
361550014853497117429835520396253724672
