64
65
4096
4160
262144
262208
266240
16777216
16777280
16781312
17039360
1073741824
1073741888
1073745920
1074003968
1090519040
68719476736
68719476800
68719480832
68719738880
68736253952
69793218560
4398046511104
4398046511168
4398046515200
4398046773248
4398063288320
4399120252928
4466765987840
281474976710656
281474976710720
281474976714752
281474976972800
281474993487872
281476050452480
281543696187392
285873023221760
18014398509481984
18014398509482048
18014398509486080
18014398509744128
18014398526259200
18014399583223808
18014467228958720
18018796555993088
18295873486192640
1152921504606846976
1152921504606847040
1152921504606851072
1152921504607109120
1152921504623624192
1152921505680588800
1152921573326323712
1152925902653358080
1153202979583557632
1170935903116328960
73786976294838206464
73786976294838206528
73786976294838210560
73786976294838468608
73786976294854983680
73786976295911948288
73786976363557683200
73786980692884717568
73787257769814917120
73804990693347688448
74939897799445053440
4722366482869645213696
4722366482869645213760
4722366482869645217792
4722366482869645475840
4722366482869661990912
4722366482870718955520
4722366482938364690432
4722366487267691724800
4722366764344621924352
4722384497268154695680
4723519404374252060672
4796153459164483420160
302231454903657293676544
302231454903657293676608
302231454903657293680640
302231454903657293938688
302231454903657310453760
302231454903658367418368
302231454903726013153280
302231454908055340187648
302231455185132270387200
302231472918055803158528
302232607825161900523520
302305241879952131883008
306953821386526938890240
19342813113834066795298816
19342813113834066795298880
19342813113834066795302912
19342813113834066795560960
19342813113834066812076032
19342813113834067869040640
19342813113834135514775552
19342813113838464841809920
19342813114115541772009472
19342813131848465304780800
19342814266755571402145792
19342886900810361633505280
19347535480316936440512512
19645044568737724088975360
1237940039285380274899124224
1237940039285380274899124288
1237940039285380274899128320
1237940039285380274899386368
1237940039285380274915901440
1237940039285380275972866048
1237940039285380343618600960
1237940039285384672945635328
1237940039285661749875834880
1237940039303394673408606208
1237940040438301779505971200
1237940113072356569737330688
1237944761651863144544337920
1238242270740283932192800768
1257282852399214341694423040
79228162514264337593543950336
79228162514264337593543950400
79228162514264337593543954432
79228162514264337593544212480
79228162514264337593560727552
79228162514264337594617692160
79228162514264337662263427072
79228162514264341991590461440
79228162514264619068520660992
79228162514282351992053432320
79228162515417259098150797312
79228162588051313888382156800
79228167236630820463189164032
79228464745719241250837626880
79247505327378171660339249152
80466102553549717868443074560
5070602400912917605986812821504
5070602400912917605986812821568
5070602400912917605986812825600
5070602400912917605986813083648
5070602400912917605986829598720
5070602400912917605987886563328
5070602400912917606055532298240
5070602400912917610384859332608
5070602400912917887461789532160
5070602400912935620385322303488
5070602400914070527491419668480
5070602400986704582281651027968
5070602405635284088856458035200
5070602703144372509644106498048
5070621743726031440053608120320
5071840340952202986261711945728
5149830563427181943580356771840
324518553658426726783156020576256
324518553658426726783156020576320
324518553658426726783156020580352
324518553658426726783156020838400
324518553658426726783156037353472
324518553658426726783157094318080
324518553658426726783224740052992
324518553658426726787554067087360
324518553658426727064630997286912
324518553658426744797554530058240
324518553658427879704660627423232
324518553658500513759450858782720
324518553663149093266025665789952
324518553960658181686813314252800
324518573001239840617222815875072
324519791598466012163430919700480
324597781820940991120749564526592
329589156059339644389142833397760
20769187434139310514121985316880384
20769187434139310514121985316880448
20769187434139310514121985316884480
20769187434139310514121985317142528
20769187434139310514121985333657600
20769187434139310514121986390622208
20769187434139310514122054036357120
20769187434139310514126383363391488
20769187434139310514403460293591040
20769187434139310532136383826362368
20769187434139311667043489923727360
20769187434139384301098280155086848
20769187434144032880604854962094080
20769187434441541969025642610556928
20769187453482123627956052112179200
20769188672079349799502260216004608
20769266662301824778459578860830720
20774258036540223431727972129701888
21093705987797737240905141337456640
1329227995784915872903807060280344576
1329227995784915872903807060280344640
1329227995784915872903807060280348672
1329227995784915872903807060280606720
1329227995784915872903807060297121792
1329227995784915872903807061354086400
1329227995784915872903807128999821312
1329227995784915872903811458326855680
1329227995784915872904088535257055232
1329227995784915872921821458789826560
1329227995784915874056728564887191552
1329227995784915946690783355118551040
1329227995784920595270289929925558272
1329227995785218104358710717574021120
1329227995804258686017641127075643392
1329227997022855912189187335179468800
1329228075013078387168144653824294912
1329233066387316785821413047093166080
1329552514338574299630590216300920832
1349997183219055183417929045597224960
85070591730234615865843651857942052864
85070591730234615865843651857942052928
85070591730234615865843651857942056960
85070591730234615865843651857942315008
85070591730234615865843651857958830080
85070591730234615865843651859015794688
85070591730234615865843651926661529600
85070591730234615865843656255988563968
85070591730234615865843933332918763520
85070591730234615865861666256451534848
85070591730234615866996573362548899840
85070591730234615939630628152780259328
85070591730234620588210134727587266560
85070591730234918097298555515235729408
85070591730253958678957485924737351680
85070591731472555905129032132841177088
85070591809462778380107989451486003200
85070596800837016778761257844754874368
85070916248788274292570435013962629120
85091360917668755176357773843258933248
86399819726019531738747458918222397440
